0.06776248509353072 0.8926545834691533 0.48863456736285904 0.4701252982363847 
0.5665033153169658 0.4956726579653822 0.3351699444278632 0.814885497050711 
0.3072326576104769 0.4967664423995758 0.901226905765623 0.15539192363056276 
0.7748386956735396 0.6666817167336093 0.06416949923035759 0.08620421076146018 
0.6937467344114727 0.32542615526261814 0.6845973271520656 0.5734414119216458 
0.7723076724668849 0.7712481517788592 0.8401325088180651 0.37968447503071223 
0.40182236121020376 0.32209613348720134 0.23811469508496053 0.9179997890470518 
0.35288417811643463 0.47831124046982726 0.24322897077117028 0.4948432869147535 
0.7202590573824361 0.945321338659752 0.30445923076158676 0.3060920791444178 
0.9099292018613911 0.07671930565706436 0.24687909173479444 0.1050864406020201 
0.41681323814307136 0.6675772892359622 0.8950414232816504 0.7882776799127299 
0.2927776834055029 0.09715285915165511 0.7284157171707435 0.571684804215642 
0.14581806673051634 0.3486549828359172 0.09288199013894732 0.22369005224779998 
0.6697023731296028 0.09966045866888601 0.17626732788541666 0.31156718262946953 
0.28536703826160514 0.8630961882192403 0.08459977512781236 0.6650874960068636 
0.9035825019080121 0.6076004650796695 0.49763307861059985 0.1232683006898656 
0.8357513954289408 0.4195544161338308 0.5298398450744612 0.7560949060784322 
0.73890131778033 0.09148722543782906 0.7846967780889533 0.2815260487314868 
0.2540142888215583 0.2844859651779179 0.7934028902377348 0.8696657539315249 
0.7209779796980114 0.8266882872622794 0.2651597834615559 0.5509978496646836 
0.3937677294393016 0.3197437854850966 0.6171754084580248 0.28323434820819 
0.14336911533176544 0.9476612498742558 0.7249872748185016 0.4069405099019083 
0.08530914333047013 0.7810453450401343 0.31822793049781456 0.10748589249492602 
0.9388702930647458 0.8745266018520623 0.5963382589913966 0.8918131265471549 
0.12333309571521889 0.6252824038868018 0.578522829848918 0.784669791579315 
0.3607165425152121 0.760273283358122 0.5795822883064841 0.08726165179737677 
0.9328395941828707 0.8902203417363884 0.15036252577570924 0.672278209476927 
0.7227253336241758 0.2845185062074053 0.8560836065463753 0.9128707047926516 
0.7448437059713462 0.22854530234716258 0.4275803892675232 0.45031130927088747 
0.08455088888679757 0.11886998212080624 0.4965782428647851 0.06391421116424617 
0.48248021107873634 0.9435906296509124 0.576792338923552 0.843789962169772 
0.09736491322464413 0.30172694667361 0.06227312474255359 0.47012186084914986 
0.9008853626244013 0.45620007996899603 0.3112903682059217 0.5087471480726445 
0.8000145338418508 0.5723275312380965 0.11010392847703004 0.9107555737539487 
0.3564429186610024 0.09130799444637 0.33988259549499866 0.657590000435503 
0.8019559219557385 0.15859184751349348 0.05811669832062166 0.8951245915837267 
0.27731737114626615 0.5651531389428683 0.38337368799942406 0.4198459947486654 
0.6688025950178038 0.19768109668509737 0.5838918271948893 0.7595815973012028 
0.5697354176234233 0.8580930017152166 0.74506451574874 0.13834578717853135 
0.40259332655270064 0.7540232445534667 0.9192278174622903 0.5852173226723747 
0.6122781614579411 0.39947221595301197 0.8828799752271441 0.18784052744658392 
0.2952999628523678 0.7015801252374145 0.26170899986942375 0.7909763722136323 
0.6679320738089791 0.6494634624539596 0.39690461056220183 0.22988517774566908 
0.08605167977500622 0.2922280134278634 0.7734357226328474 0.6497458518949333 
0.24502977659023423 0.41927996986385896 0.43624807760034506 0.5107568344780853 
0.4791934798974885 0.10522968473138145 0.8897615273968026 0.10836207787689356 
0.2774303572938778 0.8970134107036877 0.25540722308994773 0.4461694983560607 
0.11797709528790784 0.3365036367814149 0.8272902699357737 0.37273129590371945 
0.08951261228419544 0.8620462939638543 0.8866951544644367 0.9011610506422691 
0.8673888694594392 0.4899274401552424 0.9380657504101784 0.6076960483015506 
0.9026818919229591 0.08232520500418372 0.932813984226889 0.8511978543741576 
0.08237639065969377 0.06376877065216391 0.3691081364890801 0.6209700154456038 
0.7471705840810627 0.23468013935426552 0.4222248943370585 0.07541701852432425 
0.4600379353445339 0.7548240984149548 0.494025895030314 0.45691650338974965 
0.7497735053501032 0.10687932827189567 0.1307804535989457 0.5225596515867182 
0.2759047869837001 0.39520201890350104 0.466845437344586 0.09883480910812353 
0.8106408910298204 0.37138414651790563 0.06918201234815508 0.2685505493453446 
0.7584451829761736 0.9339193411837041 0.9400602883842775 0.6764498790850363 
0.8080247183991712 0.8958780497509229 0.5464136869134573 0.35223003894409055 
0.08235027676424977 0.24538756307128645 0.08586487034531476 0.8267066184636687 
0.9260133941717837 0.11617830362267678 0.8386631595738383 0.3523565675819636 
0.2891999732773688 0.08425322040748257 0.5497121329553089 0.9058906550582175 
0.3894474048893541 0.4175013434438303 0.06578729337674682 0.10807179236133951 
0.14849509329911076 0.6559381080580287 0.7746851948108429 0.586190082315637 
0.8885115651215696 0.8926929844528181 0.125448154503647 0.11164888705436499 
0.08413632157117251 0.22916446538066254 0.26141109037530097 0.7350090175144828 
0.8071852961566742 0.08955791146980147 0.7884408974567505 0.6753144044592204 
0.40303211104329917 0.7310898387667164 0.26810793464300153 0.31282577683655005 
0.3936137134420581 0.8772903610306597 0.9148607347157143 0.30719452037917205 
0.9183254855619688 0.05810885705138974 0.40678827754253744 0.7301720378435536 
0.08391116942223503 0.6919715140405881 0.09416608106119112 0.825026416025401 
0.1670014538421702 0.7199363440314005 0.7386153587631464 0.0911821912362134 
0.7260369378391396 0.7352037197187002 0.6420404129277941 0.6498903063872126 
0.3636075583931069 0.10441306741107387 0.08109299430429784 0.4152648682392477 
0.11164374134564531 0.5061235569443558 0.6344672032708356 0.9193248196068967 
0.6634565632201428 0.7230547688447433 0.09909495320796324 0.6191934730249733 
0.5962403651347076 0.773427530125959 0.2831071298642447 0.7486520968088404 
0.09567581686969362 0.2630977929594657 0.3007616896275497 0.19362765394635661 
0.35246950865927523 0.1991667828972854 0.4272776423569217 0.13729252627392646 
0.12931147319980424 0.9315883792388804 0.13604745696982823 0.10887512580336944 
0.6050877216220929 0.9091709953504139 0.18436241524590785 0.08980328083764788 
0.881513946036751 0.7558741528604407 0.9390325589964155 0.12990339421817876 
0.21364184846247974 0.7109504560015973 0.2403976502320529 0.5668192286678856 
0.5774527774272266 0.6873920179806167 0.8959371764777062 0.24597231259501506 
0.1077078000250336 0.8832735940792084 0.2929776220386705 0.7412408187130614 
0.45155941926748105 0.23681205824902973 0.8286508091203589 0.4835166151182063 
0.5641442332296767 0.27849611413750597 0.34298813081996327 0.7890589685548399 
0.7348948655066756 0.3480124398829132 0.06746111720611192 0.685857322427156 
0.3642876541164488 0.1091462146493804 0.9342992271186559 0.9193512450614831 
0.45330449879203516 0.5584527813753437 0.11181093324706659 0.26763282145182715 
0.8721496412744427 0.7046316296027432 0.23804577959841028 0.33465812814272644 
0.9143253281726438 0.6458623111098856 0.690611116979734 0.7540124740752195 
0.5178327408709509 0.6749964491777396 0.7025555871553955 0.8902682076539513 
0.7943364288415827 0.5625532994901485 0.4719582942520317 0.6208862821658614 
0.7213173120374761 0.15869515931971112 0.7109815718470288 0.06822993339448147 
0.08998996418470034 0.37643060510489046 0.9149947386118407 0.19621053518863907 
0.05728934216770576 0.1534007121757276 0.7191948351211996 0.8746292528456324 
0.4819393094988023 0.9101149010025633 0.9052501878764369 0.8749280128937146 
0.24988832802195748 0.1251489600693551 0.7204989616085954 0.0643597112883918 
0.2128620417572833 0.46178053032739963 0.08815848054517023 0.40562162558791853 
0.6960366033551099 0.3262920560992366 0.9294075799923804 0.4178131243535045 
0.09294229329089565 0.5588345236814197 0.5206559384909921 0.2875050515672478 
0.11353456653202754 0.061824350402875206 0.2481908637371928 0.28008364863813007 
0.9316924521072092 0.5390545442903488 0.8736383948750952 0.9013478032809727 
0.7596518833789684 0.43163101861107656 0.3063929174724022 0.10875916080414216 
0.8910692657104755 0.32211837642155206 0.7560713623640949 0.3055073181076665 
0.43123357795547157 0.42044499598455504 0.7057577770922622 0.5078314887636659 
0.1393593174302875 0.9172490451496671 0.38000707092721747 0.9367605875159191 
0.928268764474624 0.22425484178389793 0.40431762246053654 0.2065043896413985 
0.9362206442507024 0.6096170287768549 0.5569122274236563 0.4277552378070212 
0.47391419576452143 0.2356193094967653 0.08183690062619225 0.7081347433188904 
0.23721722089841912 0.1100217955834602 0.48015790515380163 0.5207645034736733 
0.2578505667244084 0.7488438404916985 0.719708017670821 0.8721671882525424 
0.354530094874174 0.09599776209739957 0.25370445031982936 0.08542542312521334 
0.14011077622212637 0.7331135961232016 0.9305841720264403 0.6692325799166973 
0.5434631967382665 0.699105885678179 0.5226344569098523 0.7279312720965468 
0.08981056810514992 0.923540833081493 0.08459617115229506 0.3938869058604739 
0.7311870954320165 0.4423540434478642 0.39991089556423637 0.4198305913064424 
0.06276428469141204 0.8658131891592074 0.9084217178012566 0.4079532365146757 
0.5346330283066923 0.6444884723691733 0.7757316932385394 0.42379470783772827 
0.16688032560186516 0.8839106541265758 0.5875106259585647 0.06154731779176248 
0.618111683503134 0.8937528153835459 0.5860663522361433 0.2515212976336574 
0.14445729283183606 0.44653458937353424 0.919588620631058 0.9168451381651272 
0.07735844018209342 0.4924851428977759 0.08664674469355343 0.10232740453500955 
0.9348958431124061 0.8154296519592872 0.7259356593923618 0.29485165187711027 
0.9174384393914092 0.45099973162488993 0.7313978901917781 0.9254657284245225 
0.11490910411539945 0.5404514203589018 0.31091747884766474 0.7028591388876615 
0.46715308447929255 0.8829280674926334 0.7334723535496169 0.36481842297349776 
0.8789323406903271 0.11227472167165709 0.06649097887231531 0.09872759151114652 
0.7257899653773672 0.09653430977648048 0.44540610842039574 0.8716890232557839 
0.4653623756468261 0.0895878756102384 0.6312628168659132 0.30674580447003985 
0.6179186418858383 0.08621296547154927 0.5690912948672098 0.09298488682303002 
0.11245325312170779 0.11483678230081645 0.904791777767763 0.3385796595187784 
0.8842434826427683 0.6012910637431167 0.28824188398352046 0.9296478983926042 
0.9013829459282079 0.7419898012863361 0.34329735986344145 0.10433378538792831 
0.8970492688939038 0.10115388131337527 0.1494351071104828 0.3187850546590232 
0.884088310857116 0.9079116110690629 0.3664554231058065 0.9180111638538166 
0.9108345093072991 0.7371913070202607 0.07784024596472827 0.5031116921019706 
0.6219690791939642 0.5033587825247112 0.06395421300047799 0.4037296596878919 
0.6394385837483791 0.45672091679327914 0.8851981216227307 0.9126670182627263 
0.4140558530440097 0.2601105630406716 0.5558226977114502 0.6512512933866806 
0.2509325427031134 0.8659867087414473 0.8594537847442971 0.4626984884074579 
0.23100753945278574 0.6985907122441274 0.9392720831172674 0.8902811272028013 
0.8922047219526237 0.16510108547021174 0.4623844329375263 0.8877754296635529 
0.49429348958198777 0.2410208549869241 0.40486324580004757 0.4383907729269816 
0.28576713677480503 0.878474265262092 0.5531091484143007 0.5199295946286157 
0.6131760085987976 0.6576419978656245 0.4193233695758593 0.9119032878762267 
0.8429262659180494 0.9153830273149619 0.33308110637397015 0.7559931957594189 
0.7723148100833293 0.9014204222920148 0.08645497474988251 0.3587104953096583 
0.2499610581438152 0.2816880825755445 0.9327441034600243 0.4919283414023729 
0.8921514468334271 0.9246904323336318 0.843557894725625 0.5173155402727212 
0.30972706798329774 0.361734063075949 0.061210431415985256 0.5805591668688727 
0.30068330898555695 0.12710359639460617 0.8725233678047437 0.31514335673184546 
0.0943028451551916 0.34806984229402116 0.7614357694685226 0.0655781801268106 
0.42368586439879174 0.3363974192832033 0.6048905531620266 0.8263564118067388 
0.08586052394507532 0.24558295293428845 0.3925890235024493 0.8755001426054537 
0.23192644007529967 0.9036928884367501 0.34788956552178774 0.11561812123921067 
0.5543207531729376 0.4188670444630127 0.27698699938338933 0.08941296700784779 
0.09491286254302633 0.894866763403178 0.09899620017176364 0.8953798526330959 
0.8731572169426497 0.9292680520196395 0.8978592169928661 0.21697876890432471 
0.8821297430199275 0.9230887723911155 0.48857254626407653 0.06395893457850305 
0.37368888276980616 0.5576997232270896 0.9068593852039577 0.6198182693915447 
0.731635967058516 0.7869293122327479 0.5145182220943565 0.8807946454138895 
0.06597314052615327 0.6872948829455342 0.32249248481269066 0.3229837193280658 
0.8919577032852035 0.11088721090358294 0.928223079927659 0.5177580520432692 
0.11382017111462989 0.07743556537118845 0.16444329003066133 0.9177543779890498 
0.500407240150102 0.34153193878156785 0.9075238498537317 0.09121340454950666 
0.7710985815864364 0.9007780678235011 0.7417339274180688 0.7287703995583927 
0.6269620935626439 0.44918018289932354 0.6979327455039089 0.10148769306312189 
0.150109985603748 0.4565020807598501 0.780218174123921 0.7478351561983427 
0.5336580098047498 0.10116896012641419 0.2692684656367048 0.8773319106802839 
0.8814093276901196 0.284958863817945 0.06412131113594932 0.46692974013321564 
0.9384442053015372 0.5706274602023178 0.8859961920681796 0.13170511165380017 
0.9118165456837057 0.5049937559079184 0.17902192500223957 0.07441934943433504 
0.6019931144565757 0.9236184193720829 0.2669222298866595 0.6350358928593546 
0.5299377910945763 0.4997196563914238 0.7691220214525256 0.735427671585924 
0.8018974284590021 0.7541496691012368 0.7913237280515466 0.9092732694617123 
0.28427753143724727 0.17333274976866875 0.9170298180998409 0.7927723385616542 
0.595987123773905 0.14462881986144188 0.4695612907768161 0.24532163119704764 
0.9211171821359125 0.21563398451214688 0.9300319580941943 0.08675537928303478 
0.06587729366640421 0.6166045903587722 0.5586363298639027 0.6067709532929887 
0.5651877144132269 0.6711466690221729 0.9159470052371218 0.9379250670375184 
0.6653046326626458 0.5486032291255769 0.0644790922400777 0.6929942884913035 
0.6024949521066548 0.07355528115976218 0.42482452282919236 0.7094827085172714 
0.8584547791284594 0.7548340463439978 0.46441275048252534 0.5850071129812987 
0.8955383255585765 0.3387305114202531 0.4532907698895306 0.33852222016210765 
0.8561485416463315 0.1743821544469798 0.649660365704082 0.4837940516605004 
0.23710688028204485 0.09273835148612503 0.7308058207483735 0.813428543061914 
0.9194663912700176 0.15455833503395505 0.23418920266592663 0.514653467062407 
0.7565752925904572 0.7142096455665722 0.2895818003697689 0.7959439292766339 
0.5550060979669961 0.11181297715396127 0.24617436868104786 0.5646146456572475 
0.09101491984554111 0.20034882247945468 0.1961223800854619 0.5469531489666689 
0.6039235609109836 0.8746019445489772 0.4579436664685925 0.06898980399355592 
0.5006521882680379 0.5572061429036883 0.5082505083352652 0.31619596134188166 
0.7410216542706057 0.3472892331823927 0.19690395293396312 0.4383355602755771 
0.4089941371512519 0.9075309894920947 0.09586782063558263 0.1218557660541838 
0.21243031523030192 0.4320200767648162 0.6903954053243709 0.24137577568920549 
0.09718815472536341 0.3420573078684721 0.6060655961676287 0.3543077863452617 
0.7808425036723865 0.09060424269035594 0.25930972212063363 0.6885693944777717 
0.3655255726212823 0.6541657260219219 0.8890799202628604 0.16962233696685275 
0.11264416979628011 0.4534987174296176 0.4287792810603543 0.8727979903400064 
0.3815308397753503 0.8968349149336542 0.08270274171304892 0.45880809992478766 
0.20970748868182537 0.23187643775260486 0.2748857592014605 0.9149076032721639 
0.7351536216134653 0.14468232575314227 0.9500010205058269 0.282558453676254 
0.33370647127856556 0.5613269990503063 0.5211379954419669 0.09541035957208316 
0.6603396139729493 0.6140692338563467 0.24539782912791613 0.5502089062340912 
0.7918878364084718 0.41844833443862417 0.8085560755579766 0.7664232691991775 
0.3687966054886559 0.3307070971325933 0.13342886871376808 0.2642351872579315 
0.8913314430756434 0.9335072321087017 0.11625697955335368 0.9125493493014605 
0.734900932315421 0.9225989240173273 0.4442760223258584 0.5591087446594464 
0.5510603709412868 0.9411974185704395 0.7047992631854872 0.5510944294500637 
0.9327745410538533 0.5115602853354287 0.6813590777702314 0.2464867330992322 
0.2726624368738224 0.16401420096806124 0.1239423531368895 0.10855164527731659 
0.6813358956013138 0.36386761798555245 0.3845951019054587 0.9321352059021109 
0.08137201649006481 0.9266081027025006 0.6377532690068721 0.8278534913191425 
0.11232002378226968 0.9209595949850202 0.8998927656440623 0.7023090292167077 
0.9112922469985071 0.38464236483367775 0.5625086018415199 0.49688835581917873 
0.6003738342197064 0.5607456072879182 0.5953942263106364 0.5834144441298353 
0.12968574197253674 0.5283907210102239 0.3497212491254089 0.072023237973937 
0.3970916459617474 0.07550941567581482 0.7235531679425773 0.9315171937105788 
0.534254063172548 0.8158844473530715 0.08188720893756779 0.9311345697083754 
0.7437047962257328 0.5448593769699127 0.8897001930375366 0.3303477090894349 
0.5133675477706998 0.08900831121774994 0.9182186696344126 0.6810239168266081 
0.18621493767412028 0.6560006205074211 0.6521187070864598 0.27641504254623017 
0.07718733421442686 0.5756749186183415 0.804617420359341 0.2432581348551935 
0.6661406490230504 0.3960468390581045 0.11983477211618349 0.8906236927244691 
0.9006569275701143 0.6944922724005635 0.063489436976918 0.7614118748784121 
0.9075347533979559 0.40962030877884104 0.11999642250731996 0.8706562576483428 
0.9148048326739535 0.09266847340498374 0.523741022327841 0.3741101477873182 
0.07329407763259915 0.1452916779620687 0.8977275057820879 0.12309243383237706 
0.9221218576768454 0.10248774686672302 0.7747848631600851 0.8905425742622421 
0.3057919265678202 0.8612042283171659 0.8790991316027303 0.0862889686051429 
0.7149165461767945 0.078579652034726 0.7299716390053125 0.9281517694610005 
0.42303698796678463 0.9016894348239513 0.2864241969542538 0.9136774898142304 
0.8246024623777475 0.7097306485086766 0.8856701576026673 0.5718708198550148 
0.5107831586129179 0.11757078837444085 0.2795558151957798 0.32009322992562045 
0.6020287654550747 0.5497016515259456 0.09893446060386524 0.12474625314450477 
0.7138022856464824 0.6087720790114082 0.41008316170528725 0.0639816880311479 
0.09783867424113213 0.9262604198081219 0.3586371582399779 0.23054359840429878 
0.38889807573736607 0.12491132578080089 0.4013284072294784 0.8902210804562857 
0.4355111191695166 0.8050613665826689 0.2974447441280478 0.08515909095862578 
0.07079132651618536 0.47153808211312653 0.38197689889362535 0.4952242148907145 
0.13594610181026234 0.13456218399000136 0.08623631529032866 0.28673167734410426 
0.6234861679695751 0.41996159094158925 0.7947709620314198 0.4060751785021924 
0.38631094835258617 0.7314638957600015 0.7172654324900922 0.6055252996179347 
0.4133220997601485 0.7581954496182404 0.29250911416137565 0.5660816745753856 
0.937928368191645 0.8196556327854221 0.8929243918951322 0.9312084634091073 
0.2519344619427114 0.6563070693368436 0.09268417631286202 0.7093173994504997 
0.7209851482983424 0.5991615614426506 0.6232796770067289 0.848616126250743 
0.08018591211511106 0.11299658743003699 0.6719399438565394 0.44863635724634965 
0.4297056784503299 0.33279359356770255 0.8957160543678677 0.6899976029738428 
0.2945346825895718 0.31821488614097604 0.07487952721848601 0.9083655992817027 
0.7241300302467331 0.8354770777485314 0.3914413322866969 0.18138299999295926 
0.12549956489533176 0.24339725642210214 0.4064038591368737 0.6181621297521454 
0.11344082066244804 0.9170767886667458 0.8441089223277477 0.1592092221469194 
0.5484308976303314 0.8916827818975273 0.4675629083510698 0.4020295897490896 
0.0635675096222647 0.809182656955948 0.5676242143021267 0.1962782151101859 
0.6266365167274354 0.8878752677519787 0.08785371723147511 0.23425065966111874 
0.6545563689822735 0.9164537959353074 0.8864289600169526 0.3232590339282956 
0.4615721652917026 0.6285737995707634 0.38301228674561005 0.6568722713648485 
0.26861007291996175 0.5896738598976645 0.09490303892411611 0.09883964602189982 
0.760497930165049 0.6394142190281716 0.12474607204964339 0.2826509485430942 
0.4079779848674968 0.2657489148307942 0.6603372723493368 0.10894458264530926 
0.7951328006073293 0.5161029559315388 0.2600345124274436 0.6683084650914087 
0.928445686515638 0.6750283980278082 0.14070471637108817 0.11612817148179588 
0.8519676696254395 0.16230247167289014 0.61147307325745 0.20292224377502355 
0.08953995413049215 0.40914424346581674 0.23426356738528326 0.8319531389058104 
0.9089350336776696 0.6552694193628716 0.28867217098491976 0.5640584729713145 
0.07662683631353817 0.1703466327174722 0.39057704010626937 0.40822517024973554 
0.44645304689554555 0.939943559041204 0.10783896403865806 0.8393129424278242 
0.15362207519336646 0.06139873760435127 0.44240686835379306 0.2768841472321881 
0.9182961535954919 0.12816894361884357 0.19606643455374168 0.8926314487258253 
0.08447352940227942 0.6229124845754035 0.8322275768960873 0.8094282789751339 
0.8338379404151521 0.5938928068978104 0.571662084829153 0.9471363155364798 
0.4092748115000854 0.3439345563286954 0.8490793065332085 0.3097351800002642 
0.8365068242482324 0.39936621546475726 0.5367075734845388 0.0997262040038942 
0.28478892311152615 0.27611566201941035 0.4894998346114332 0.8443862088584205 
0.08973168641717705 0.9149203578612857 0.2561865858193765 0.47245874627672235 
0.6960118676989788 0.20524817515550503 0.20014622742659716 0.107824267364032 
0.6178209033023344 0.36452694255348905 0.4554975990198673 0.6607330845624386 
0.321574952590713 0.11234714376581989 0.09501833268512488 0.9138793084075694 
0.37106134152655046 0.9072738925756114 0.3090097323049922 0.6961747597633696 
0.13441031480945292 0.06826780850527492 0.30204848829272746 0.08073161396546852 
0.4625362089921049 0.4509342450621695 0.07585582168039634 0.9113385988139895 
0.3268728111674415 0.43061476238263874 0.7249452942805645 0.08517290966233354 
0.39609251139045576 0.6209426387153076 0.4791526470200903 0.9279079590275836 
0.12449920037897577 0.288997283228676 0.5653601440462104 0.48244082324739396 
0.2360453804947193 0.7526259869823895 0.9047084838383639 0.2983857720886428 
0.5578736686685851 0.5972701154598752 0.8138373762114163 0.05128864042647696 
0.9412749069036777 0.8819391891849697 0.11532022267909203 0.34125084902185454 
0.23543072100869167 0.4969812817810973 0.8952108877949922 0.44799134603864954 
0.7287827484213675 0.572820031173464 0.7343575781293732 0.6311055624597386 
0.36227278532801965 0.7516488080216779 0.694278239089188 0.33199259570488526 
0.5330458227138014 0.30968248457213554 0.5243970622495858 0.9397537066034787 
0.8927297295611054 0.08927645057073552 0.554590139826577 0.06466568846486803 
0.12675091183847692 0.24652700937949434 0.5873208477586076 0.7074699144954134 
0.4404363649966043 0.5740358598157871 0.6887216763709791 0.22250923153941327 
0.1816303900049845 0.3240293346473684 0.2693120206540445 0.49313342401366517 
0.5994803082434733 0.8823488488342377 0.701266352706331 0.9090174094321363 
0.45738181668082445 0.5789591515502681 0.11012818411140635 0.5629113111048127 
0.930309726496885 0.7613794335041006 0.1710918484729279 0.889798073303089 
0.8315871506300736 0.06187565841578785 0.39985687887156385 0.2121825485168104 
0.29979303607735663 0.47551797619937125 0.540243865190598 0.930012233232658 
0.9254624356010843 0.592666193266756 0.8913024490982304 0.3792317589965267 
0.08359840857385331 0.523079575812605 0.10373128853863928 0.9170968021379453 
0.10966784770830884 0.6427508444480143 0.9263586320543912 0.0861238547820044 
0.5169606951275796 0.25240298162920993 0.33928569071985326 0.09879131812198227 
0.8916709570065138 0.2832532740758663 0.39515935761465404 0.6749289151688127 
0.44149839458344325 0.30116253270053056 0.8661131368049861 0.9306800828301389 
0.8669355865379986 0.8982265105528042 0.6281296733912483 0.507226991275278 
0.04986892013570654 0.2709224882851831 0.21607929304914764 0.35477255455687845 
0.12066189447890863 0.7576536429372864 0.4464552661793564 0.6924648516134215 
0.8201797962312389 0.618025452668386 0.38729399695708583 0.40074954026357845 
0.2602835357452068 0.6602450004926079 0.14559937740948653 0.27879695639002827 
0.26676209515985955 0.805612979230779 0.10216710970376663 0.1071269184894359 
0.7654406091112113 0.28202123230643117 0.3199882705495525 0.25612769437467275 
0.6891071812482021 0.14742240231661707 0.9002018526888294 0.09059317335780126 
0.2788346806781923 0.1757293780915819 0.6624856143648614 0.3627542104031004 
0.9077156001180966 0.2995650879030672 0.9065293021815559 0.8854809420695042 
0.31855625495329865 0.9032683835764634 0.8831901822663653 0.696770230093567 
0.3626039399626909 0.06357172839132097 0.46395720183866807 0.33215791582645726 
0.9271331100517902 0.5900354154176781 0.44004652822357654 0.8482422177109551 
0.10269351781541014 0.6889824880645181 0.3500494352618509 0.9162189868399463 
0.09385113809409751 0.3204079502467926 0.7728500299862727 0.9261823997915546 
0.46597391658523707 0.3979085422818197 0.27601434630967825 0.5807049139736513 
0.42571071423040496 0.5598749532225814 0.9172711137190156 0.3961586961738524 
0.13673581258613293 0.27834477524409673 0.5692242633414716 0.19277006993072454 
0.0656341008434499 0.4037583429316408 0.48317452691314694 0.1039659446403402 
0.05624203624356239 0.7060047990879369 0.316184269590744 0.598223835705608 
0.8703341729233427 0.5088146413775144 0.08290579029715217 0.5466422709415749 
0.5618697912698041 0.3038367715739563 0.7707882992015556 0.817539068137065 
0.47496976381377176 0.5859450898122538 0.2978957713065713 0.07049814037954705 
0.31719960216312537 0.09849056460476546 0.9055134232562264 0.6133944485754348 
0.8976263672787388 0.1424468558798348 0.6346138313879378 0.721476373517336 
0.9217601611505302 0.06719072382422986 0.8152992316621641 0.12625856056531004 
0.7597847634365573 0.9222042394538914 0.6911372425928559 0.17333649770108345 
0.3787509097057983 0.06936569683399141 0.10628933623824321 0.2504973588926486 
0.29805040036817915 0.44600416933964004 0.5452926348704459 0.35322574961631076 
0.10703888326626831 0.3439642729694009 0.9422292646222211 0.7692452714155622 
0.3841764441594875 0.07935347351514549 0.1490431952607898 0.7354124574747314 
0.6063481740796577 0.24729726239798328 0.7170419758379104 0.3100004720353756 
0.9157630622651938 0.3563832622765932 0.8178411399007804 0.4950507090227741 
0.5734122098053632 0.15855865734173896 0.6455783444960834 0.5510120718283151 
0.07775126040973629 0.8464529319124613 0.076437926581505 0.6615348206026183 
0.6001955690064833 0.421011342599295 0.915896044867873 0.5557686829134563 
0.2841753141757085 0.4143112912018713 0.22217906077007527 0.08274213436092648 
0.08359441209748586 0.11466874485218348 0.9045020646646524 0.7049842499218231 
0.2680581526198643 0.7292776462583598 0.47572879119454226 0.31627259586343975 
0.6477952979898383 0.08059353313909345 0.35637934933453397 0.4162068699656178 
0.29299056572061766 0.9232411890928938 0.47040206518577904 0.3444922571499021 
0.7029363910706223 0.0682775323172864 0.6024549470471933 0.38131486053744984 
0.4492418436629414 0.643965839467491 0.2766546893109336 0.9210535640872392 
0.26773821919753127 0.10475921670492788 0.23566751665327146 0.4434614794688729 
0.9416792074383536 0.8968962606406143 0.8829953675220422 0.7745118503511814 
0.554220209326464 0.7167387449238728 0.14234018111375513 0.3858339935239496 
0.9182759661963688 0.8018751733183829 0.5606350556611798 0.17547268115544784 
0.7744322104274407 0.5214884074704236 0.5883436331996014 0.2532189909114991 
0.4479624177237284 0.9376736333542414 0.28889262848568886 0.23232096241731165 
0.29233587609480305 0.09076911218486194 0.9333970586485246 0.1116239101555741 
0.8655675221818726 0.29688995202689483 0.6113973840101959 0.9187611060683234 
0.8766526842088584 0.5143771353605066 0.7122633515230615 0.06662484249093475 
0.5723950255051193 0.6347322225203994 0.11171198452265257 0.87993215015437 
0.594550465157359 0.8825371370597587 0.9045459379481011 0.5282068315228183 
0.10969632868173823 0.577244350993564 0.6100857962348012 0.07537125355404473 
0.3048734182258116 0.7365265219929498 0.5607535991618834 0.7614094132776712 
0.6306063344764323 0.7136473962823466 0.8810674566091523 0.5946514617206643 
0.9187241982866072 0.7071323012494468 0.7122858107640923 0.5688360258979515 
0.5570290871745192 0.37967935365291083 0.5092399923597681 0.11350931535517378 
0.6888776630647723 0.33297156710701714 0.5763289368704994 0.2783397308792952 
0.40856761401725755 0.4287518475729943 0.5076001237631574 0.5619591433301777 
0.5295274561396154 0.20620066693693684 0.07223963490222823 0.10198097018839591 
0.47776808955297556 0.840180827386908 0.10161094829591527 0.6753913495323902 
0.9111579680580068 0.7703056981389126 0.4541400004049223 0.3678532767128554 
0.275612880436634 0.5673074720238791 0.7778284060646535 0.9089863498308859 
0.5332955846751137 0.3748004475066631 0.3302687315671988 0.3641677664439711 
0.45957921837315957 0.9117662114467561 0.6093493169792898 0.08314088419698823 
0.36047072893241106 0.5124939255937588 0.6388535634319013 0.7394271639743921 
0.5631815910774081 0.06992541135114888 0.5789416888026593 0.9106850858812532 
0.9159103640171238 0.3535812706274086 0.36644319061049363 0.9033143997163051 
0.1234512710866662 0.07351272048874463 0.10576258631978364 0.6797005377814316 
0.7238284155937326 0.6738646057592411 0.5658166679097496 0.34646647243337503 
0.2540786164631016 0.876783143628133 0.16449865124444207 0.890014253948864 
0.11344706783802067 0.4790541489552098 0.25512366303998874 0.2888304347361215 
0.4028938957708574 0.2823081198503056 0.10587653440462547 0.4825384567450584 
0.1212049927170436 0.12054497895519456 0.5775705431325022 0.9444834658997234 
0.5520003261739703 0.6653365367370203 0.5602651170718526 0.0944025288392149 
0.9167947660071825 0.12130343968410462 0.42269670450953406 0.4952413020519642 
0.9088290740905964 0.48908911558436563 0.2803742479625596 0.26144813691877167 
0.91404738428019 0.9060152160480861 0.5474629599947171 0.6902991352463153 
0.7757404261836628 0.3105405000145894 0.24297883686905414 0.785581886196636 
0.24764713074277367 0.8710451409091071 0.07835012146592912 0.29229028838630355 
0.48762449216756987 0.9276324243212423 0.2691745814882254 0.4316241284495065 
0.2787915278223937 0.2760356059956177 0.326947357879524 0.3131484301523262 
0.461743061323373 0.7322544026631825 0.07280345794267495 0.09758392457037435 
0.5861357572352921 0.30199976456402383 0.08431665455100612 0.33576999049580203 
0.0931393219853709 0.4863249555490157 0.6741147299931348 0.47083463925909114 
0.744305171902252 0.5846806755701335 0.9075754001491108 0.08259069871483227 
0.24980514125967634 0.51714429605307 0.2511514945592651 0.9123239601376121 
0.9000771041834768 0.06121986364671411 0.09558957136386587 0.6375627968382334 
0.9113836304200422 0.2860588122917509 0.260656348564124 0.09615148292542286 
0.07667172020941038 0.7454199706436289 0.6220822762046503 0.9162998072901828 
0.38633757363642746 0.46307322358208813 0.9199410613520038 0.8574554839534574 
0.2807814258457193 0.30064605227169694 0.922084848031036 0.09282065422293578 
0.11685051288494364 0.08227921934837307 0.6600693075715878 0.6857189955763714 
0.48909180223455384 0.08996509332376051 0.7308762777175801 0.7124172319309565 
0.6992680550839097 0.33905884705597583 0.28598438220138195 0.5974307519101892 
0.5866822805125487 0.10530763595670894 0.8981427023357657 0.9025307231631712 
0.6958604673738739 0.36320205145968437 0.09080430746425472 0.07588552199586662 
0.08079673494766959 0.08875604815246069 0.10904976767639257 0.11038539193093289 
0.44357426646786713 0.09507027492024728 0.4937345983722903 0.5132848741308444 
0.2677928661805927 0.3411405087458754 0.6173924759288385 0.9367618283741549 
0.09095854983626361 0.2663047891088931 0.08357449633350528 0.06689925365210292 
0.40475728894058954 0.9140713538569727 0.45333156497767624 0.17584902471221553 
0.3492035848380127 0.4734862978841881 0.0975703843471622 0.7420828043311642 
0.38895767445163953 0.5024815784132162 0.29501269035566924 0.22753945576499957 
0.27497085919893294 0.9191404333097926 0.6099622718194512 0.9328591518509455 
0.09195190154741045 0.4683528264140018 0.9138907798776956 0.6174069557364652 
0.7748868822931152 0.37700821733309686 0.9060828105364408 0.06407094532562108 
0.6374603672992872 0.8747133980002824 0.5235231299845291 0.6875213456016356 
0.6808794010725883 0.08152696472918247 0.06583470668387098 0.17805992806337306 
0.11439639199048901 0.6651479136159546 0.23585505120543943 0.05935263065951901 
0.9160976380361001 0.894305897007551 0.32234455474729784 0.25720327072080273 
0.11205738354159706 0.11637675272946935 0.6974997814758744 0.1937049435903661 
0.320615929267186 0.6328272826734086 0.08407873695177581 0.897412762096924 
0.4522209619678935 0.9201449265033887 0.49601745418739834 0.6240142011124734 
0.2922198144081937 0.8868214076888528 0.8637539798351603 0.8895855374730999 
0.7760928847247077 0.9134977004278579 0.08055961960803054 0.5750837184724928 
0.6838566473701956 0.09926195003417371 0.8538577194135151 0.5081467918666978 
0.6707104019402481 0.2607660969250166 0.9300803633708137 0.7155015620715112 
0.882456903802558 0.34286234603239607 0.9241202570924687 0.26865245172712765 
0.39709166605234725 0.8991592175381597 0.7262000830367371 0.7613523675850484 
0.7373315446592452 0.7130062773961996 0.7340057881526703 0.23456646272458942 
0.2897346091517421 0.6866929787635054 0.10127514724482406 0.471231029023938 
0.5531582754385111 0.5901917013313036 0.358441634422233 0.44096758635709715 
0.630153980771512 0.5120148765878793 0.2569084692750033 0.24704107304033834 
0.4847037945273068 0.8579923283073183 0.9097482947353055 0.08904739011512225 
0.6584783112679677 0.5786961601050222 0.925440377778168 0.7694092695044729 
0.8077210069326792 0.9278518919383281 0.641904961028906 0.8622776376521131 
0.40778664383752944 0.9510978832963444 0.8681519533660351 0.4926563738678978 
0.6661467377388373 0.7678109652780736 0.3489454772752113 0.38677817943219217 
0.2848826169674898 0.2604770546083075 0.1489214067939788 0.6803027943184718 
0.929218023947822 0.5103353851230896 0.06884835434868125 0.2905797873132596 
0.7868661233252798 0.7273475238607289 0.6636939227991151 0.07215070972936255 
0.7741626688032834 0.6103241666628335 0.8693452998988626 0.937778660294368 
0.09118411756435013 0.7511336504724225 0.7032024900161707 0.39580956578012233 
0.30848398249349696 0.5302580984939658 0.38783103326507273 0.7393209226175044 
0.7838712341815126 0.5363268635111691 0.7174022083011414 0.43356535891476955 
0.7240147506781502 0.7227239455042933 0.22509020639058658 0.10516896621099603 
0.5962898711496077 0.8195059276734014 0.848503065533933 0.7408504844467789 
0.7446248911075891 0.9005539561482307 0.9082046564650631 0.9043671457524114 
0.9155302440326861 0.39122174994891046 0.6932190316025647 0.6587373256502886 
0.570178503313876 0.15183203892115188 0.0804024120795836 0.9047846260068217 
0.13304401346291778 0.3794055413543727 0.15174322859392425 0.6563226494894823 
0.7323590076172839 0.14878109878613044 0.2765240449208798 0.9237004624002532 
0.6216301978250495 0.27332918365956727 0.08142394939537356 0.5149651495157003 
0.5837644718468566 0.3869604543249356 0.1536039581672895 0.6479164282008543 
0.6203826503643814 0.885929296148882 0.39517919249149724 0.9237826038474801 
0.7633360989271913 0.1090947807121792 0.9206225056539613 0.764232659948529 
0.06367715747887143 0.7552577035031356 0.09195226480068558 0.17181849405704797 
0.113458409384388 0.8910565129707526 0.6410076567311987 0.6215353171053957 
0.712204398983187 0.890989685946881 0.918952992002928 0.0879730140970798 
0.08948037252289487 0.6148014018068442 0.9291713184352509 0.4585638538759641 
0.5216069675735894 0.07761171437469766 0.9209626349948167 0.3660937428094486 
0.2818939543990731 0.3519495282258324 0.7109674972901069 0.6088308864346221 
0.3727299583691652 0.07423283378936019 0.5448888097288324 0.10697311560244827 
0.9377008086409737 0.2753742605099897 0.14422724496993616 0.7181761503527069 
0.9208964905315202 0.8528918960707721 0.9409673165313932 0.35848823467655466 
0.5635738065536704 0.4954816489122993 0.6009360983565833 0.8868894337090096 
0.20778116273837488 0.2777845967600131 0.37404401637608337 0.05410981924017083 
0.3381863385609296 0.5526859099600956 0.7187936915834945 0.4353689047381493 
0.9306810511077059 0.32057960995915424 0.07953121835915228 0.12966154750925257 
0.9269450533513384 0.9145201965235418 0.7564001522864808 0.09346605119145263 
0.3172013481142689 0.8843010715858735 0.6879243856863122 0.20668712841020842 
0.13072314867406348 0.07942804467011733 0.4132030489969962 0.8331345066880708 
0.36000568799212784 0.8384814794994899 0.4650908886596667 0.8811944457855994 
0.2728072333322792 0.6139609746109536 0.543446748263354 0.5891356330183359 
0.8941104989461894 0.287739313799672 0.9119964110060226 0.6337192532489091 
0.22945428634942033 0.9312660633874474 0.45590626157534325 0.7576945871490818 
0.26510100883017146 0.6736192183535817 0.3674026595245907 0.13895355242191493 
0.9125993808128419 0.899059287775736 0.35121696250833256 0.49685310026249235 
0.6539196712189711 0.12093073898549217 0.10782282588324799 0.7199626764839964 
0.09569243029170788 0.7061368448781735 0.10016960036211109 0.3880251237773098 
0.11593660682430151 0.12471632423498424 0.9396636723366438 0.9112592165099045 
0.9265578747644898 0.2950926179714735 0.7205097177845009 0.1030301654218132 
0.5804337167109762 0.06248810092128598 0.27474891486647496 0.06984645452062943 
0.8958479764752005 0.6695898863095419 0.8930358964260867 0.7482767234088147 
0.5715056348767849 0.41834886057989534 0.5898848719568448 0.4292580777387112 
0.908008520937603 0.732104284388855 0.450147644049594 0.7438389895188805 
0.5349968623137542 0.17089843213492845 0.7242031979826025 0.09934591751360655 
0.08730234132075076 0.07294543895583294 0.1163137344602711 0.4388236699947789 
0.7057551002220356 0.8430197847183531 0.09817364325157824 0.8647159231279156 
0.6283028934041727 0.7531349101730019 0.6520334300304671 0.48298408427700107 
0.7409630418810479 0.06554064127750958 0.5531872923447846 0.6155672076248812 
0.09015493926431878 0.11561767465770961 0.8936712343297267 0.5134546511541012 
0.35371287572765914 0.06914607162168251 0.5805438465271316 0.7118359877890822 
0.3422270686586013 0.300444890900082 0.34414782812171885 0.6952149447970245 
0.569089273253787 0.08812335407163474 0.0630334069299856 0.45932933352144495 
0.5879828644359055 0.916590240323918 0.10623633474498134 0.46329384418896963 
0.10884013554744221 0.41103769611806606 0.5621527178657086 0.655268024008163 
0.08448290789432605 0.5406226972130467 0.10013230814957519 0.5844214516969335 
