0.2125365611281142 0.15916577815266542 0.19159661313103832 0.8483295399406734 0.5327294337920352 0.488669264323465 0.1644247868486603 
0.5181487322230524 0.34571563192437416 0.655875849843735 0.7042917221376859 0.13420697965445716 0.5283860651308023 0.7449021691178076 
0.29402074618693635 0.443817517745201 0.5260984228682216 0.4185833029268121 0.8348473733183381 0.23621153314748417 0.7721310266311374 
0.5627061360723152 0.35317478003596764 0.42877740376262974 0.30157837325307457 0.5264063497821498 0.4111073229975758 0.5497034195548223 
0.3291460980851265 0.6259152892990811 0.7570559640967512 0.535994977610426 0.49990402039680454 0.5926319858270135 0.17651780482290447 
0.8036824201731034 0.8223609915496937 0.5718838731823589 0.14945384515052523 0.4926303750033364 0.7609516129893882 0.843721465440147 
0.3942720228176111 0.17679141581814584 0.4672941591157202 0.10433631667087823 0.47691073276828094 0.8167543983614349 0.42943379062733933 
0.5889444758920954 0.7970183682367944 0.23571548290043365 0.8842529585410992 0.5995663579104663 0.2884835998509145 0.40962159155995803 
0.5993800061133513 0.2031623609311059 0.1683346374890351 0.6805030809547735 0.8424659877737162 0.8107846712774824 0.172557671916712 
0.27066889349039747 0.7150639605123112 0.8300771579669984 0.558388042493296 0.9041837819698071 0.7811587944660818 0.7240783919281224 
0.6948918878923908 0.8823401106352351 0.7752093698951708 0.21257756244476644 0.7804101908383468 0.658529893945646 0.14349384733454112 
0.4458668372928602 0.8401654415231578 0.5903277054110142 0.23238790455307629 0.47247497509117853 0.5281279151071099 0.602484635546167 
0.5051162607354687 0.4974696192703191 0.18376650286902785 0.23279334391358864 0.45780374665273893 0.10207206516927592 0.2746267116001629 
0.12591452167582684 0.39258473362556884 0.5547748086093379 0.433278300005889 0.24019953083129747 0.4592518963928361 0.7540292227227374 
0.8862342528011938 0.2631263047461835 0.3862615042025299 0.6515500498817879 0.578474012453468 0.5132126777292344 0.6002959485779762 
0.40401799502804603 0.18571007334374945 0.8497872168454995 0.5940076452969991 0.48932887265282304 0.46921543271154487 0.4189597085971595 
0.4717319224836288 0.4278286008057068 0.22744943853618327 0.6001816039158635 0.1773156635900095 0.7645332901605238 0.1305367337425548 
0.6365229746621107 0.8007304458403939 0.7893971805954265 0.8271915586857357 0.44356024362876584 0.8444888076840102 0.7347790011503739 
0.20893160572286412 0.8256616686567568 0.1853338607807773 0.49866016727211215 0.32034290427315326 0.2183630701320699 0.47672857101662736 
0.5544416461805058 0.8522688082875693 0.12377942580482282 0.21587463480231528 0.3920987530024983 0.8174001703094667 0.47464344673533426 
0.4340028072572387 0.8314208323183973 0.2926250970626235 0.6590906219463204 0.8225717338387498 0.338925897667427 0.5932470807907974 
0.8825294598718925 0.3024267350557826 0.20953452213842116 0.24661280470966257 0.3057386144229145 0.800297641603436 0.15175167459859268 
0.6905806298460355 0.370435140434642 0.7918369289816118 0.14636111866297857 0.5413059399269814 0.529669023077958 0.7932962152699679 
0.2546449999477657 0.7858803648433325 0.8510725783134367 0.5978934406469201 0.517881675035905 0.1541160260199475 0.22054728878791469 
0.18059838227063718 0.5362290101991847 0.5077195644837913 0.4790024663865472 0.46046457046322953 0.6689160667085383 0.8878571900867436 
0.38425531924584366 0.17293350535473745 0.8323386024302408 0.7926835226084683 0.8005714086574637 0.8379328083583242 0.1704331071680945 
0.44932549065142563 0.13156071653506923 0.2127303349864702 0.21978482176582986 0.8117333283304007 0.2890378695006765 0.5960601154162742 
0.757058286052328 0.4266845420187939 0.19739781284255564 0.31526114859201293 0.20803062363824226 0.4189507260437942 0.4006422056901599 
0.6633542486550462 0.8337506008374171 0.7637001739978828 0.6032054494043027 0.8488517188966004 0.13288319638807694 0.38945441912324785 
0.6786649610298436 0.6551786051150469 0.12841145058110154 0.1605897341783339 0.8513094283849745 0.40938160848578264 0.22708660030590944 
0.8305249683768952 0.2578922256574797 0.5839844786657766 0.5903231243769477 0.11484368240164922 0.7394091525698032 0.2125725382548782 
0.49454819692126184 0.1818160035250443 0.4820708120720313 0.8837030939152155 0.31079310917963443 0.3079078237845537 0.6965514749287812 
0.4853215592684715 0.15544114839000467 0.8038378870861076 0.8348695786909204 0.8094074311720039 0.22813543118270763 0.523187163207979 
0.1405637296806524 0.29436468192542703 0.1424257854549325 0.842587712785259 0.8220169279513309 0.22027049412783511 0.3463840226057747 
0.2661072768577323 0.1606796918520828 0.15197151807403486 0.22733782075625703 0.1378381928160468 0.7467213442907521 0.7047815851409304 
0.7974990180538615 0.55459729634572 0.14655924107727414 0.7489841057820178 0.8252969127611651 0.7087543748113184 0.502363081548858 
0.7116785055542232 0.26331002244202084 0.8333148914515187 0.5183047694559503 0.7621989982803266 0.6141798883454408 0.4930354341786442 
0.2071110905512346 0.368227385819945 0.31115977316249355 0.842751294222199 0.3849623005910981 0.6517443275639739 0.5512695771249786 
0.2322009938339541 0.4375894526294105 0.4312752790797101 0.34157904531071426 0.11044658451675016 0.5499356199999432 0.39546093528843046 
0.3500785612095234 0.8238480566074244 0.49377104236135383 0.5767548161482412 0.15195655357253984 0.8385124765972921 0.736965435509109 
0.7728751831078211 0.7207623081192989 0.6708832332172519 0.4854966974844665 0.15735196577573696 0.5376536958580225 0.5417694343107502 
0.8295993887626575 0.39116286570135417 0.5437562267143761 0.7436714682426784 0.5201585514203502 0.7781883940948118 0.16824995827075379 
0.1361893118361962 0.7351592946033345 0.22997827390028414 0.6798654653797371 0.8112418895169036 0.856023366673995 0.5041557108209828 
0.8021389602649573 0.3650311097094906 0.13229121600488414 0.6519849779536733 0.48071543443074555 0.37837515108744385 0.8672351637543488 
0.44010754103073607 0.46501700344682384 0.49498789787875125 0.17935125699172888 0.3118233869249123 0.6645497162900347 0.1895306401392332 
0.1959581620360824 0.516433183743957 0.8744042864169763 0.35266475377413653 0.7993943818050936 0.6114837088350965 0.5582313847690725 
0.820270716739722 0.12844677125127546 0.551316359150529 0.299900894639901 0.8524050919521577 0.5305361625340115 0.8711355303451171 
0.24883386665699656 0.8552835478355287 0.34541656440404334 0.17778411240359165 0.7940262653477317 0.8603565791473662 0.22511097464611435 
0.5398461925036798 0.5106713992374872 0.2171044887564696 0.866515892595171 0.8935369076328981 0.22906373712233657 0.29917147741652794 
0.34944984431604986 0.34109277492657847 0.6704842903988937 0.15941779503102965 0.6890427172971132 0.14488312355724792 0.3997794585782454 
0.2553169504911122 0.5479287764851317 0.16101286979565993 0.6859493435244218 0.20425841520097476 0.1770979574299824 0.8214768200822492 
0.5739595807200227 0.4189123138917413 0.20853059361019155 0.16699071292168655 0.29261055098528654 0.5214327706957982 0.8386782418355012 
0.5043409495041901 0.7243134512484756 0.1618789079508981 0.8264292203916337 0.2030134792234926 0.13284328992005973 0.3104381875944327 
0.7904455430280461 0.5479226421423922 0.3726448042569433 0.22108129284948408 0.8819825405411235 0.5386446798030367 0.45135227229128416 
0.8680213273624766 0.82017556706627 0.7155996505496923 0.830914538459768 0.2848260458195076 0.18249841850367915 0.47808793933599686 
0.8417044156263565 0.48419376144965015 0.7617153290752443 0.6516632438760738 0.4827290518896837 0.31489770351562685 0.8010561385987536 
0.848067280699908 0.644380704499848 0.5305701590914924 0.20400391590997635 0.8061572035629236 0.20781833041542852 0.8643476639615886 
0.7654303633887674 0.8066772206379362 0.8206327612375472 0.3248643796249493 0.14548052717085075 0.8211940434252054 0.13760515036463206 
0.2477582983166287 0.6640415381120428 0.5337367173152177 0.27635755565529896 0.6617035577137597 0.2083008968667917 0.11865564018052865 
0.4837738377910493 0.112035419607602 0.1149558760320793 0.6281060831091275 0.2848967135947137 0.4178432505518065 0.1480024493272905 
0.7374743417796269 0.5726971084911546 0.8729645863830697 0.7499605160379439 0.236836922649231 0.5855331305227447 0.11172676651266339 
0.807857106562688 0.8924751609682468 0.15661282083483552 0.7422997168346304 0.23849357238351165 0.739543444538368 0.556731502989616 
0.6701350826163981 0.14776890544083332 0.4901391612099298 0.8499801910842649 0.7619012134138439 0.22092860437394718 0.1691039200870949 
0.16712513395666811 0.273868889395655 0.4104512978986531 0.7097818177368351 0.5451552944019368 0.3715710162148279 0.8749877526796084 
0.1823502082059958 0.5560707772461101 0.6396519589895839 0.8630207727718222 0.8020930155363463 0.27207199923740233 0.20786271897806924 
0.7954221405739804 0.64691950307898 0.42324455695936913 0.6184987983083146 0.8888948659210408 0.220947995584788 0.6199283697882872 
0.43472639867288787 0.570392413481875 0.6248808691620296 0.8857940760801607 0.35764489450547754 0.25366581375568065 0.1732998143437809 
0.7292736260588755 0.14640601055133867 0.5278690320612912 0.7051422561845233 0.5427982036144186 0.8068501138263219 0.8788753217768955 
0.18224135943943898 0.42691970692905495 0.16388856676399943 0.5986751244782592 0.560187365594077 0.16999691429211106 0.1697832970960334 
0.8278999536814686 0.18087070971181285 0.7400838256620055 0.3167591517149567 0.16323704073484824 0.18532593813729487 0.203970214844426 
0.1506826626450411 0.1807780175182434 0.5977278456366989 0.6965011512210664 0.4960241201556352 0.8033079858345046 0.5624354942411656 
0.8349285155638971 0.871550704653398 0.5636009453578295 0.8546951701121435 0.8576527752744458 0.24106477429585776 0.7783389744853897 
0.13917300221366607 0.5331318662782973 0.4505719241289584 0.2001685549222036 0.5649103543263199 0.6587972712767802 0.4156988265120528 
0.3519882330834648 0.8491019978515363 0.12502792376216404 0.12070799440752905 0.5911887194060131 0.2097975113009406 0.8194677510220556 
0.171942614980315 0.22557949607756045 0.12363631971042932 0.1643154422994234 0.40939457425526743 0.3729222735856345 0.3052707577404597 
0.0995071950165437 0.6283874176695267 0.7202216027419373 0.8664776461733048 0.5278503693834268 0.23356631625898916 0.6571194427732165 
0.14623030859297725 0.8231514435437342 0.3556991293730244 0.7529261857131162 0.11628852050491334 0.39733676712859395 0.326737899377333 
0.19252802432408023 0.5824022860533247 0.1832789383351764 0.723039454898128 0.5102796204348551 0.4870465631807769 0.28885408496569653 
0.8281438247553743 0.4193183457828886 0.8810076807315267 0.5212967026317802 0.756482306388379 0.1829504011422204 0.1875369184225369 
0.2241528055774149 0.7514557424717297 0.7693787912537122 0.13645362311263443 0.8620572932811947 0.4551923227392628 0.14294348977711097 
0.16030657349994015 0.18187885635768708 0.7779168640488794 0.22591712841976092 0.5039166846703064 0.5306894377203738 0.8811511765834614 
0.805860611511237 0.4192875912615539 0.7782289489148305 0.16852413463507582 0.8575428277464658 0.8470875515584342 0.1502224791931266 
0.8318321469390018 0.8752301991725081 0.4362142065786683 0.22401588140577144 0.17814774704394082 0.7650761286189891 0.5513319626886071 
0.43947318978184025 0.5147332839863399 0.7330431723200216 0.2708469354067764 0.2740610584111069 0.7564943399970988 0.7857846353970517 
0.20222426191883758 0.7859501961854457 0.19801893704229262 0.8159700810780672 0.49690419078276665 0.19805188940481855 0.8030430211496384 
0.17465401141453196 0.23569287025343577 0.12613129383141108 0.20635578974612268 0.7728775075340568 0.6428111600512574 0.5818841623293349 
0.1869611061945627 0.3892897558257816 0.8380638983632329 0.48337994953641034 0.8375691197626642 0.7658328696488683 0.2137825336970562 
0.10499114935207843 0.802388676833081 0.33374724576131637 0.3283902019270223 0.15932614136904505 0.7810428074127627 0.7208121470154871 
0.2707970076900691 0.16473422952115824 0.7799597594293413 0.8097998442077399 0.8295295932230095 0.8422870003471922 0.8381977231371696 
0.5257853753856644 0.6364951233543986 0.5688315784574866 0.7248098669180371 0.40835806953647796 0.5576918035593648 0.44476591438938257 
0.1556889799786551 0.2283997253768954 0.2688879900087542 0.4434894338936428 0.15009927614395174 0.11937957209853228 0.8274306834989452 
0.19362967437104928 0.8299980842708112 0.5941537218369903 0.6066669972752811 0.15624921707896644 0.16785465971293956 0.8028302750399048 
0.6002688744375031 0.8200354542271963 0.5802462393002579 0.8506112784035091 0.6020746002509703 0.8087927173452513 0.17633570708019997 
0.5369626244024188 0.5526860939258909 0.8699671761291996 0.8613580268023511 0.776815514064343 0.302268015798254 0.8345651674791124 
0.5244747392433947 0.5610518301145382 0.16859885022888121 0.1625989755483611 0.8536038463210837 0.8758221566421733 0.6912824739834964 
0.1347139495292612 0.2527813514201865 0.8399073274787846 0.21670518426326751 0.3440595517231949 0.44934206921898784 0.4633798580195458 
0.15179551177035738 0.7055759405486883 0.7766427675237602 0.14317947826194 0.13594068410529353 0.5480742954329002 0.2493990030634512 
0.27403901696695465 0.2524512011435655 0.3306416189524565 0.6938857902586147 0.8775386139514996 0.4880242238515913 0.1548628195889995 
0.5939008279675188 0.19006242937371304 0.14619429509066284 0.8473500915147381 0.5737347787167183 0.305137097810148 0.7387637038332846 
0.5650881761780844 0.41301882458307093 0.8482269153212351 0.30789136168115505 0.19282385832896382 0.6085780188730239 0.32268217181009173 
0.7827355610841005 0.258791223764383 0.14336182803579822 0.23678232040459296 0.7435430669436872 0.19037903515576315 0.15328515005193716 
0.6710452420831059 0.16913606166419248 0.8018148971963263 0.8711295886341479 0.5868068774095705 0.2120958656902151 0.8347106956638128 
0.5353391456658481 0.8129543931661063 0.16743439053044723 0.4806425121821266 0.2745080728617251 0.2709522226519096 0.6135850407686382 
0.7042159084961939 0.6578046344009626 0.3924736855254945 0.6090986480405047 0.15173909722341755 0.819417665750316 0.571903261673495 
0.386106974139791 0.3658343657404899 0.7603885490626621 0.1409304248463239 0.5253297447192298 0.133740048683403 0.8612063965302434 
0.2193230364091578 0.20374960010613158 0.11560992109204443 0.30293493659158033 0.6921024106917675 0.26498780254350185 0.8701989560042238 
0.8657811896719364 0.23521276747873637 0.26937003971779644 0.8582587612563699 0.7663679829297921 0.18010186475529133 0.41740009070564754 
0.5698463958782191 0.47433962254800077 0.19600826314225217 0.16641988024623539 0.47100835734031493 0.4983895270281846 0.176158105286974 
0.22122042951117343 0.4566101991502334 0.18612659400614723 0.8020328715397836 0.8132268427128708 0.608585762699533 0.9053137576516868 
0.47952259965313543 0.5469599473072627 0.8513970240945228 0.8094906912413399 0.8534210142180303 0.5041663080201391 0.4719948365906111 
0.7035331868434848 0.19464367846463754 0.4296913761674963 0.24135670674603932 0.5339286713492729 0.19579675288091775 0.885775960624472 
0.6189480402829984 0.8096370988282232 0.3606570231313337 0.1541537151046345 0.5080666723046726 0.31458402587522094 0.4724214982252339 
0.7095331669883607 0.5495564012689197 0.7536982191494136 0.16329207411450797 0.7375971980328045 0.1274857630187699 0.5293027398574102 
0.35535398980238664 0.1335448217281192 0.7591779736551273 0.15264616746987697 0.7103704114560854 0.458960013394403 0.14691079304209775 
0.2021905954592459 0.8841735672951172 0.8322442172321249 0.8460603766060943 0.7020099920619742 0.5668246328086807 0.22019584486076 
0.8328226604577051 0.14158387162000546 0.6239836835226986 0.3453744924078923 0.6059264504325023 0.8334107607900132 0.8504568456965905 
0.20002613739544806 0.4534585125455659 0.7687919675316148 0.205497322737083 0.2821262050852493 0.14838759249484584 0.18042285320732415 
0.43531213315264133 0.5291315600628614 0.2241682835651116 0.37402821479067283 0.7420846519974205 0.8578301356478536 0.1537897605324407 
0.256732874247775 0.6051617616558251 0.7852143223121721 0.49669974189182986 0.7621758544040311 0.49781126758376365 0.8686870833680604 
0.8238737655820957 0.8826309934811911 0.819674714663085 0.43698623630936706 0.19834205454070392 0.7525558658224764 0.787313377367328 
0.8242882092554665 0.8465018435492078 0.7577220615957982 0.2941312055450397 0.4716732549780176 0.3285600134537908 0.45061396792188224 
0.7625618864112607 0.7938926207349841 0.16864849350569971 0.7537905192504382 0.799118120610983 0.5154424981126837 0.858722864983116 
0.212542400695184 0.5516191876125499 0.7418263360182614 0.7602769095248318 0.14365043995542126 0.32180635962746706 0.4934033842546628 
0.8881010420247071 0.20678525351659433 0.7291312267274176 0.26389126544177954 0.16940661553796194 0.43883216405654735 0.8464319949384835 
0.1480662345688838 0.17065370525331475 0.8398425837461354 0.7991647230849552 0.12952078756274527 0.3134509242420867 0.2801197474640283 
0.7401694367883682 0.8389189745185872 0.15690491695371994 0.7586286270710678 0.7854984606612603 0.13493483904347703 0.1584417356403094 
0.8441617910526669 0.21403861108377076 0.21834540293275245 0.6021776176338974 0.7787553757350419 0.15051782610968972 0.817704209550475 
0.21593181610065004 0.197219173960259 0.8171441313063101 0.17156065929125552 0.8537280755825538 0.7093948007741129 0.7867247585859178 
0.24554098253868933 0.6705374679451581 0.8206682956971807 0.4563513950886974 0.30443614939608077 0.5916392593369836 0.6072289326305578 
0.8747039736506199 0.8049376520025433 0.33748075949398304 0.7678062341111247 0.4675615801377466 0.8299545108488271 0.8546184733330817 
0.45710141277164085 0.839047347745701 0.10469618702228328 0.43950172953813393 0.780947926042133 0.15342181991636555 0.36804009432993257 
0.22796486807641925 0.20778074208465858 0.7721887512097537 0.7883373462817195 0.8230782368709495 0.541923437763494 0.18191134912601548 
0.25835939560067106 0.38058916269062887 0.6648694378055826 0.6673797794010954 0.12730767442685026 0.733540191102299 0.41621569735023195 
0.27784759944359716 0.8729783873077327 0.6343572961725251 0.8094504071246753 0.8298418529798182 0.14967444927331397 0.27036904182195975 
0.7689704309940358 0.655744241337571 0.6137904252727476 0.7949339876424476 0.13961464070323454 0.864653400667978 0.11490764142156595 
0.5489283708084375 0.17972636487999621 0.205011511575536 0.5488154910516979 0.16656936131407607 0.36571435418494913 0.807637690323158 
0.18291452863855684 0.5442147737098013 0.2028592766335579 0.25326673682600215 0.7604350053055937 0.24000496394897775 0.9045460509800678 
0.4675564492459579 0.7149882849701368 0.16178388302321217 0.8490826684335744 0.7834985718361396 0.856468031986569 0.7939460904613574 
0.5610002034530472 0.18534080412521797 0.7867276359587986 0.8513268746677393 0.20649677492128982 0.8348020811700111 0.189795880874026 
0.4835766893352594 0.20138663771992144 0.4452174641342103 0.5131321656634986 0.5553477337456312 0.6752361392166006 0.1657274132612881 
0.6849166709848687 0.4059549678596107 0.8171437826808208 0.13331642193174043 0.5295113856991522 0.8434687683546636 0.4387593607596789 
0.750678885325653 0.2605807582291505 0.5129541349023614 0.6904133370769525 0.769163598278748 0.8573884538801502 0.5458983321494495 
0.8229539591231354 0.5958057294730681 0.12057650527081737 0.7043224857121284 0.17025173292292706 0.7231189404008025 0.8276071221007524 
0.47332674658211493 0.12306648210995691 0.49510571205403886 0.2135935491690063 0.20648448997696794 0.17909560238294409 0.8053894244543457 
0.2792794495719827 0.8693288258219007 0.111162652235756 0.42825643582770856 0.5031840940108316 0.7627779731303983 0.7938657297208256 
0.13977142129842296 0.18374185440153312 0.7699649106542947 0.2522125231415099 0.8399184590862553 0.12396836133368294 0.20967542600060202 
0.15421255767950348 0.14618685304222767 0.4945587294106719 0.2373889161581601 0.820167875529495 0.17584326935095523 0.7924154499638668 
0.8704183959852492 0.6140847901864601 0.5627570155257977 0.8495538390947993 0.31380604935720124 0.3125694759608755 0.148619683853148 
0.7372279785228507 0.14002099025912523 0.1638636414984016 0.1662569368195561 0.16859910216786422 0.23277544320574173 0.7249072249987748 
0.4732880165338759 0.45800618899005147 0.5933661125546925 0.6115578323083886 0.8816812559436363 0.8205396998918831 0.37993818406479474 
0.21260923253829583 0.4510507975777046 0.16342425431942054 0.2871714353417581 0.11218518340582173 0.3939868483535295 0.8143890976120174 
0.41507900947790505 0.1467401722708866 0.787008920363841 0.22087059315850227 0.8127995785217098 0.8643693798690097 0.2558905040321483 
0.2519165195439895 0.20702743429950005 0.3344485850535004 0.8460345376024119 0.14654736970215876 0.21104673772927973 0.2422971269761776 
0.32590209022744104 0.46249384325865167 0.4447264634253641 0.8021395577929755 0.7450436517227284 0.41040193225342864 0.5545758224442752 
0.7850691132896919 0.33537244791659093 0.5630657686438081 0.8624469407350883 0.8427491147591144 0.33063421758954503 0.8383727619434105 
0.8340174983238928 0.23104946718053754 0.09353570624493823 0.09311137971852457 0.8020767055792262 0.6216374324144948 0.48100319283700016 
0.19241442656994356 0.7404922500811428 0.865896324712067 0.15786821799130857 0.8266235931979526 0.1422455363144327 0.42951671881106535 
0.8315351324647533 0.8404326967368415 0.14724567079259487 0.8274358316750381 0.7072788220379148 0.800257729106725 0.13917650436828294 
0.1683307437190199 0.43546507852641636 0.21208261527986294 0.8657479708960027 0.5168744557252687 0.8201799685074151 0.21959411314708988 
0.891531012212291 0.18730348522929524 0.861459640444 0.7819502556631661 0.8401235067083512 0.1990345525621981 0.35642685443084465 
0.48087326299631955 0.783306168762322 0.8154540842795397 0.14847826092484318 0.19227517036035685 0.15913630966257586 0.4519878229919745 
0.5857120974699166 0.8102280850420207 0.15323225117071715 0.44667933526964204 0.15155384318813642 0.1635422225634317 0.2146534177038621 
0.8023491019078983 0.893132537854944 0.9128445843136883 0.6940825760968972 0.38915175326543894 0.3447094126383884 0.6895349564016116 
0.808974378825633 0.12522514273931906 0.6804945463283942 0.26739730212600343 0.5249566930280127 0.7188260039068739 0.12555493429261716 
0.898322467564902 0.773181711124919 0.15051559250485314 0.36868974780887964 0.561230088296059 0.37091603947478435 0.4774112555815595 
0.2450789254173097 0.19896433409678793 0.8405563843454643 0.49703487415283065 0.7999106223603714 0.23523897449971487 0.7219932397432642 
0.08734590260132169 0.4810815372243184 0.2980822185567482 0.25236384453973637 0.7505453834471217 0.1884389664338525 0.4950745530005771 
0.8894827515028594 0.1875363769801045 0.35990806627919475 0.6842143599304681 0.13894443107865995 0.4996933779196756 0.7691468089028459 
0.84880771750689 0.45108723374150295 0.18803391042423312 0.8643454793695989 0.5035897108310483 0.8794176397354416 0.6547146248422389 
0.2872574010553416 0.18320791726535562 0.5325772626292717 0.8029152580275977 0.24151765719007356 0.8538967204799435 0.8135810979138521 
0.8421157952319493 0.19347618372377395 0.7934873125236721 0.17288995660603118 0.8409490492555867 0.8481418073354214 0.5365281648656769 
0.16543776562270013 0.8559919508395486 0.2189624304737529 0.1870676855643199 0.1609525607200623 0.3007913044912129 0.8119840574968633 
0.7496962686923174 0.4184408111829385 0.34504980589467604 0.2356992201239655 0.12886262873183935 0.8093954291440636 0.8734816330548852 
0.7731490758541448 0.19370904300359515 0.847671690970449 0.8208615211608001 0.15379629269862638 0.7621921591318643 0.81770915144789 
0.1282934172714646 0.7610037238305324 0.17401862196911966 0.1696631617463833 0.43638885751732936 0.8747415188597923 0.22181146563799842 
0.6939398028300413 0.45435820938861166 0.7228700094204991 0.21271805651243303 0.8399250965912299 0.8600593287637425 0.8708521503265425 
0.5694194516455021 0.6483187401658801 0.8755914923118382 0.8519911762194263 0.2787475893734717 0.1245908120721822 0.8360273039352596 
0.8607245989503246 0.6946701346255398 0.5496957959227611 0.8505299339736159 0.7751390858950709 0.7514257045014939 0.8082687069346459 
0.7925125286183708 0.5038521634637246 0.5027797242090587 0.11562579035292858 0.2111985802264238 0.1767191254487801 0.7309552884590573 
0.84296566344336 0.1651700560794469 0.22310900789522142 0.49252807388229614 0.5006757903496957 0.2071985844634281 0.40503217423713017 
0.1517169330814978 0.6588838812790647 0.802528811365469 0.21382179596270257 0.13944629763384336 0.669442615433542 0.8503147308323177 
0.27360542977364294 0.307079229809245 0.46924132642728844 0.5257764974425005 0.8567454069371739 0.8188356970225591 0.8125796916233696 
0.8549003124294761 0.7866017989859163 0.5846565687665837 0.628818175516853 0.7499516554531424 0.18747781305323058 0.12153260224972534 
0.4788310919156833 0.7955250353920168 0.42382666547274644 0.46045328457762924 0.6191665674696077 0.8752396796098685 0.8004302710431291 
0.13698460138135748 0.6214753058050326 0.8207509580739076 0.8547545921208874 0.2696404326604259 0.6821823385157093 0.17204049876896949 
0.13983874170863536 0.34632592042899835 0.6751349905098957 0.8352099158605404 0.8565171130773495 0.6326866541371154 0.7942598667908076 
0.12469792874857011 0.4659160533393455 0.1989112133145305 0.2169607376603102 0.1552911385849285 0.21321056898691437 0.15188517397191192 
0.3184785503795882 0.8425683770066109 0.7442309942343088 0.20501343131316746 0.5622586064698764 0.8189735875697232 0.27259957051496386 
0.11724377144333897 0.4080592956479473 0.31702267336939477 0.8373037335840161 0.275662982926527 0.13065505372297065 0.5654394858729892 
0.2823344447925906 0.5707115347604015 0.5508069792944436 0.153914380755172 0.8189991504470779 0.7717420731254847 0.7313828805483937 
0.18822653218685292 0.12485165024060357 0.22795413907811823 0.6492409927360532 0.8670783486016644 0.6270476914843022 0.5554926959550288 
0.17110225534338203 0.8281640321149707 0.5098548150565494 0.4920075803021881 0.5153921895319141 0.8199115867277191 0.39065273842047915 
0.20936028905069626 0.14899270272314774 0.8311383199319997 0.13985066953012787 0.2435706663328166 0.7766859661162769 0.19656196144114302 
0.24049622719962083 0.17978099058622338 0.18997737167839002 0.4737123742708112 0.20683412221353398 0.1959918301842758 0.45532948635851106 
0.7733233326586655 0.7502414668054664 0.14555426983245257 0.8199489123391756 0.8639964697895919 0.1346026861571053 0.6782093965263596 
0.7794174860401808 0.5594959132317474 0.8616705253418099 0.7712007573730411 0.5810192992793453 0.7462646567995945 0.4485496166180099 
0.8395697995512923 0.5480471850774024 0.3611530208815379 0.2060180909641799 0.5902241631722714 0.638540005687168 0.8312237116775161 
0.7667649714339226 0.8453110255601941 0.8512411799812193 0.40048536302348203 0.8870878271123727 0.22011333657979604 0.8365899912172021 
0.1318148972189227 0.5062931811875907 0.8906967910411245 0.8031743191641811 0.21425449617077508 0.7709304919004767 0.863432697543878 
0.8527250829826114 0.27386080790574474 0.18478471933519158 0.7431676464122605 0.18046890219973583 0.48119316994208966 0.14731687353565975 
0.4830375180424219 0.8228617964770792 0.14266681948945925 0.21862017950179669 0.2649086790101252 0.5947785374411861 0.10995467588892266 
0.5319018863301033 0.7071126497314726 0.22456423556850386 0.1759640794818117 0.2513807729566295 0.16642689194418125 0.8428626474807057 
0.8570549415464604 0.7996149492741912 0.13588028887853798 0.7430787804372053 0.17639166228633374 0.28931398494063676 0.7158869713439412 
0.36280193585440157 0.6589140999459603 0.45287702037829297 0.6119082098156591 0.4830738726246353 0.17962574840295847 0.319611152709507 
0.5970997771231952 0.194295203285962 0.5189799207972406 0.2947187796838493 0.8709105806913375 0.25429056131798305 0.1361001725662413 
0.5637872420177469 0.11888431305547742 0.2682972387927254 0.8812730027266846 0.7989948349909659 0.5526042914737554 0.8580212596794763 
0.18442163368917525 0.2004680328807673 0.6817058771017913 0.819598320598984 0.12281118446844813 0.26185511453186705 0.7933454721325811 
0.866899362813222 0.5816496518443335 0.3360543157374002 0.42465048208899636 0.631031097092161 0.17485990956827907 0.22763998471425806 
0.3605709222652089 0.8566837917517414 0.24566093512099607 0.8028192806831109 0.17080509676725542 0.8188120871180729 0.48510643181851737 
0.20203953868776353 0.6591630966961359 0.780486141990314 0.19876649248837647 0.15263120506641653 0.1863134457189305 0.8180593422278947 
0.7770319276706109 0.239596545239886 0.8571486021859853 0.20077745333679392 0.8965096434576245 0.15965216459623316 0.34718790180977166 
0.4898814549706322 0.8691836670700676 0.7630627594083501 0.5850310620505695 0.7071810582408703 0.19304572752627708 0.83969907624339 
0.8767428354281057 0.17228570699852058 0.2102397267758468 0.5869285470059038 0.3400999245090489 0.8587501107253572 0.5832087237501346 
0.2568445129568101 0.2079820529629342 0.1868210578209214 0.1702064909016866 0.7979877160183776 0.5402039313946274 0.17038875617908905 
0.34260563204231786 0.16777755490448165 0.5288551071047741 0.24674916300367372 0.17421260265520994 0.7904283154477866 0.8387532655559677 
0.6704607477627273 0.8529695382820615 0.5623668646531998 0.4855552638336921 0.7933638218604323 0.7218639396209559 0.46703655668749927 
0.5591128418339335 0.1408536039064438 0.22683586391200228 0.4792034894517895 0.7811475118023723 0.7339964892992143 0.7839079097178304 
0.8202017571154403 0.31859269104495447 0.8093177258435333 0.7523283323326526 0.13582615848582247 0.18043077627645715 0.8599483134364562 
0.651338372463361 0.4702487694164504 0.8516128290877704 0.7473974307994671 0.7896137449851116 0.7339489500517647 0.8379072583130898 
0.8498454243983392 0.8036650619675731 0.2427453633017097 0.7859665903525266 0.5464052204539748 0.17337164295723523 0.7825398687667218 
0.45141995263605644 0.7871348358700603 0.563973126924187 0.3148577408071014 0.24896136591730977 0.36794632664840876 0.1343995206703476 
0.7787155991661705 0.1660623470190507 0.8934374606120457 0.24511257314870089 0.83810957095935 0.53836714656899 0.8453914431956144 
0.8105082944218511 0.7104370851314885 0.6366640009869602 0.504940875377404 0.18172868492620065 0.13215629402673934 0.14872452109358197 
0.7848693626474167 0.10492589158695098 0.28679092422684593 0.1609113176471053 0.5383825515461804 0.62773935070436 0.3835383643151549 
0.24233375352370862 0.2171026048636518 0.306586856385865 0.11974106372960042 0.7082528729636348 0.15947027203682795 0.22106798861336985 
0.2224151149911487 0.1927918456122002 0.1784965894516793 0.16319355611197334 0.5717293649890991 0.7790752063480914 0.8725113203077056 
0.8879392066897052 0.7783681513499199 0.8751558051957953 0.19065056527419366 0.7587762841651456 0.6660042569173634 0.7151458658946307 
0.5460969896372259 0.18260541396973018 0.8517822996285537 0.1252409791086984 0.35234722768269233 0.2852206930151867 0.6105776158593048 
0.7311966526986037 0.6015995162562223 0.5250704706678686 0.16019568463987494 0.4287746880258707 0.8824185154613764 0.1717061509729627 
0.33016759262252193 0.8504786166414622 0.2876218666928816 0.29433386372556936 0.8700309138881415 0.14985212171554962 0.7576650698040929 
0.5055338292311826 0.8380726024911835 0.8244908122005532 0.38384518191719497 0.5755286523728 0.19825553139491292 0.554371788612282 
0.12832153210544395 0.7370796942563731 0.21806565710917575 0.7118200377256996 0.8368264574747513 0.21975350368867724 0.5521547823605849 
0.8126386174341169 0.20061792276918639 0.7558472775354841 0.8368678898558549 0.4379223823441269 0.20832944257035135 0.20348270503472737 
0.4623659391314547 0.8237217200205025 0.17264612302434695 0.6915666491966259 0.2935873173043081 0.5147770897860261 0.8184163633488943 
0.28719648695443056 0.8438776099721272 0.8602402375951478 0.4650732278867928 0.7162285072837239 0.4877524364254002 0.21786422563553653 
0.20906384376444215 0.30033593102140654 0.862770637959829 0.8279215441063821 0.4897115278956368 0.24159567199480492 0.16762820096404168 
0.22361800486487265 0.1723564077255697 0.8690734294547822 0.719483637384191 0.1655356095582451 0.789686223883219 0.691513038121482 
0.40430823791874754 0.8360968818950493 0.7379438599042556 0.14983936329916514 0.2279841589639014 0.8717099526591795 0.7763963476194071 
0.17510336836015256 0.39778169710065314 0.7422491847873227 0.4920673456252551 0.5298027415078157 0.2227122980506146 0.8096930534392697 
0.7817385191595109 0.08408707361967993 0.8719196054888021 0.445404199507745 0.22070552237411467 0.13693698924584297 0.7205136145773701 
0.20934748180406682 0.8844876326883979 0.17805338288538608 0.35952113533749386 0.8946430313802369 0.7507546095730173 0.8339442496429132 
0.4770068761054604 0.5825187756340555 0.18341523569968105 0.8115999725071933 0.7000742959423286 0.7777053019143748 0.18977595026451838 
0.1598904863952449 0.16807815482726024 0.7349404307934884 0.12721835059422226 0.1943949595049902 0.7698434285597275 0.6052009967334666 
0.8091862714356968 0.28745807511007526 0.3817857934714414 0.17681963023245872 0.7955273367688831 0.8482824924794787 0.22620026214349537 
0.5524424219954414 0.3034036561096888 0.13335486367518445 0.7992868272366338 0.4859358252769874 0.22360846734401707 0.17155184098540516 
0.2079979561999959 0.24669437741804678 0.15178329384649886 0.212415658472611 0.3474254789210795 0.8299057905417975 0.18256899845404106 
0.7689201778534108 0.8544901039141799 0.8040775764199173 0.21220854228390734 0.731916504410199 0.1628164469284834 0.19279895797151525 
0.8328178391122925 0.8511168292760667 0.3341514066149889 0.8142914724128136 0.8288351627081312 0.41887647488250546 0.25291669125069116 
0.5167285451428532 0.8355017864541221 0.7597738302889111 0.8185895021226248 0.13676196938643503 0.20866811064022944 0.27834920730324175 
0.6005567468193554 0.21368620881576778 0.4633138344748168 0.576305999069348 0.30131130705413567 0.8152297309371501 0.4737262044841426 
0.15527201164115245 0.17400387663467848 0.3437703631421837 0.16995062583072384 0.26567476585559524 0.31574965342087513 0.7873555742329821 
0.7719647733194845 0.8603200256774923 0.32972800291010584 0.6455051527732929 0.23482349024307103 0.24459268967465297 0.3787417043672552 
0.6043030877037349 0.420981964457141 0.15724280389564077 0.8442531002040217 0.3492588116532935 0.1168568983010107 0.6417303286274922 
0.3083007094223771 0.202152167833824 0.8528085819279846 0.8818625012275667 0.379890794227853 0.5659871186526355 0.8718907279356966 
0.6090467951314765 0.48216120386053646 0.33956798875550737 0.6231693277043264 0.10077564585771148 0.13914456802344966 0.43993992004978194 
0.15209287976002756 0.8897611234695986 0.500564689050225 0.235192534244615 0.2912671566502737 0.2000866316665555 0.3129389635478871 
0.30874785904331586 0.11102422787799388 0.20514333998641704 0.7164979003751033 0.5510171045745461 0.83851902986448 0.3184772306462351 
0.8769631088014069 0.5325558280857416 0.20896757218635797 0.3316070210903035 0.1823065900621535 0.2965417332956466 0.873690055337533 
0.23066817583464244 0.17683800966801566 0.8311800159406217 0.23881781118308482 0.1019318407585903 0.3072382390569533 0.7995904318275202 
0.7687507960875217 0.812582941965353 0.1643849040329003 0.1899886352377873 0.39979695700424506 0.17962858185214708 0.1631754020951907 
0.22680845810313877 0.5144975950995999 0.8366395786448071 0.16261026887789304 0.44026458876766 0.8829919115331397 0.3584273495578857 
0.17975163363267 0.8534837972784604 0.44068905427557276 0.32804421077844403 0.5117571881834716 0.4499187232736222 0.8625434063779434 
0.28216567100107437 0.8614557290084504 0.8305374296036578 0.8346704815415784 0.6765394208899507 0.5967744031469986 0.8631808026933636 
0.4129091000024061 0.15949226444306136 0.8769372711299779 0.35446613209871697 0.604471882332872 0.7645570830598676 0.8220073577774905 
0.7500709455342673 0.8337980267285918 0.29267752721563156 0.4606468886019923 0.4085542471048971 0.586547136845732 0.11329523048082796 
0.4576946102296175 0.5067963269191333 0.21327272285445614 0.3094757997374612 0.8766855107129523 0.0869973908963308 0.6212039716078679 
0.8235056737381199 0.8884348529539825 0.7200561017389544 0.593243255466731 0.35105867400358426 0.8539207147325899 0.3740124881520427 
0.15007405412775537 0.8038316421847549 0.5563452534828944 0.8138577681972109 0.8198534319833204 0.22593286079206704 0.831481984022851 
0.17287472930970216 0.7564956755153528 0.16332241668074238 0.8803863073971502 0.18109732075938284 0.16147865465478572 0.5191498335531718 
0.49749799588275084 0.8021001318649343 0.5227330276095374 0.824296391037124 0.5296933855556974 0.19322529893480278 0.7989692242073578 
0.8106648960514335 0.15246891688280323 0.8867102086520828 0.2947384669004127 0.6694589369493199 0.5433179265847573 0.20779706796697217 
0.3997451306337347 0.14277703105221895 0.8096355953943166 0.23106079858846007 0.1556252056445901 0.3291439515562895 0.19176586388532424 
0.13986005383977246 0.867433432907548 0.8523700773003235 0.13948776068257251 0.6934889946602899 0.7616634983851864 0.7531949803257292 
0.8241514136546967 0.8525809560102071 0.23471604164015253 0.23001637138183018 0.14768524505977781 0.5746007007403098 0.2668291647121255 
0.5696918626204752 0.7338467409698733 0.16653007616417154 0.8738976921373596 0.19886660316773114 0.5520758689866573 0.20822314965031807 
0.8459094526301842 0.16544063186127267 0.7846760646574223 0.20482325937511264 0.35155072684595473 0.8197221373104202 0.6452122693896511 
0.28675663820802355 0.8090140745720911 0.8213481102293576 0.8062222323021933 0.11205822610755833 0.7692141263257932 0.5584016410817878 
0.5292132989609312 0.7841696520517232 0.1425950783265787 0.28053632396778627 0.13431680694039155 0.7613036216824043 0.8671776328123469 
0.7948926664540066 0.6954488886627963 0.8594004567978262 0.2928916897508376 0.5275713416773854 0.8686172449680825 0.12769360035049038 
0.8164084401763909 0.14780790634855545 0.8151437816463225 0.14648419315742045 0.5572208101753402 0.12297414672053825 0.5921856335054968 
0.3873215780015451 0.12505401533192634 0.4198253249222353 0.48618183169678 0.43372126748590084 0.8204023417674188 0.7128190915915035 
0.12759512618951413 0.6953513381338983 0.7364627671619686 0.8860118396516555 0.507619410553863 0.7790019426188588 0.6192611839485749 
0.8306591959316135 0.8453424510920311 0.49360369266822374 0.7424260756321068 0.2320742852963663 0.4890299153431862 0.8601831135256972 
0.8571788486808541 0.20910026996765496 0.2892609481018845 0.8678335501690893 0.30081447592752186 0.16735342059383063 0.27575709894746087 
0.14808445968668205 0.33864507078268746 0.8577527278854241 0.6165596905317483 0.10134250602634465 0.6329834423844146 0.13517173547144595 
0.7883324543921271 0.8924832933248796 0.23953745529397663 0.3710710158943765 0.41751090019525045 0.4671169451004388 0.767393375455052 
0.22159364088574096 0.13875152859841244 0.7059326906145518 0.7715837970696915 0.3589213110602596 0.6988669020407422 0.21071624552031454 
0.20813716345503447 0.7028537542561207 0.4179164569549373 0.6052809365326882 0.8221463344952051 0.777070809006754 0.10499339883054637 
0.1415746361876074 0.8438944539671898 0.6620914965164248 0.4070993970371688 0.8475921955650689 0.6968952740371762 0.47389487793826035 
0.8273715968084616 0.7929361529141369 0.8271236070396508 0.8562267947844403 0.7560737423270478 0.38315615660241986 0.21015363590869002 
0.7991034603726219 0.8427098832976851 0.18533211164444574 0.19779195424780244 0.8045278870253741 0.21849965483715744 0.8452173578347097 
0.8528882577316806 0.7639746360962187 0.28577586463591353 0.344729722537389 0.84165899535616 0.7426755130146657 0.8542014845069598 
0.18294569768593932 0.8249365054133095 0.4683707222804122 0.8452416293265881 0.3901768482410605 0.541009313667261 0.3680878192121426 
0.4392247433757227 0.6947536456715173 0.39909446752175204 0.13813952487410364 0.13190944938472704 0.45570865684493683 0.5842716760809115 
0.10659665903561255 0.395300998412305 0.510209958592768 0.6013751096035193 0.3740297502062612 0.30981354492234014 0.14209291640278932 
0.3146103862370145 0.8606878233833349 0.8592665667958026 0.8792524956685477 0.4450773235764406 0.25717716278473024 0.404505058964149 
0.8198921388677547 0.45843111740014647 0.8319339264996115 0.22004582891680363 0.25460063249738485 0.15057154426387998 0.7363189124623548 
0.14406969254890173 0.1928370582112326 0.3571016040121887 0.7605362398557102 0.8573854408632002 0.8169406937382511 0.23418749798907018 
0.835438641715585 0.22247590531721584 0.21360418138857779 0.11802362658763998 0.2134111449965897 0.27311035617160956 0.18461842552671792 
0.5091582894371747 0.8203774767338161 0.8547087784755758 0.4729074154918214 0.16449184977419462 0.32412589624743027 0.4278829187005665 
0.14633973445515702 0.20232226852488783 0.8002914536197887 0.8270758815112103 0.6319659001381169 0.22803108794666288 0.7057318948466974 
0.6330881196828585 0.2950938920298035 0.6853240622077423 0.8121328357046877 0.8123101643529849 0.5095457215414986 0.1517448608531879 
0.7784926704352664 0.6722851285470857 0.23803991489182724 0.8082187667040218 0.34862177485645196 0.15337163047642988 0.17417281614800656 
0.20622393420851431 0.09820865356160846 0.41482322431338076 0.20227051032239268 0.25782069727796486 0.5291670317438614 0.21429463325660114 
0.45704123666429614 0.4390085918831559 0.22391793343249422 0.8308754686412753 0.11160501369034809 0.5057882134941319 0.6944999384011632 
0.1057002845914311 0.8194769346930488 0.5892475796164336 0.5957561358804743 0.22099482643094404 0.5464889079895169 0.8232135240111835 
0.7476275661580174 0.9012448304262828 0.47697119345445854 0.8308097021844976 0.16265365369764268 0.5475579580825775 0.29370012008955426 
0.7444338095954119 0.34390298593476676 0.24695302878233744 0.597212215930693 0.8328090915062446 0.24350146114404464 0.17125222034145704 
0.213093884096119 0.1574072554603178 0.1650989911258015 0.2809152939193142 0.8115791468716725 0.8630621291131659 0.1901078535043363 
0.2208675139362164 0.7521736525477558 0.45969091803413814 0.20224450833876428 0.4651051487313413 0.125608730692994 0.7259129023340801 
0.822871918443877 0.7193614824702058 0.16093231617203835 0.14102575507192255 0.5778715886669369 0.822553634887623 0.253107274791325 
0.8336880572613719 0.8705103149879135 0.7257980741944945 0.19108926300434143 0.1708794024587293 0.2181507607874466 0.793123676651081 
0.3611828504817536 0.13704978037024457 0.2856611038652727 0.19511766282852744 0.15024696724410674 0.1698805398664604 0.21031895256205368 
0.8607221829729456 0.8120559050120364 0.6576080156000488 0.4589441905848918 0.5539741185916776 0.15861336653942631 0.8472723960575367 
0.1843093511651358 0.8475508792474196 0.8981127898516876 0.27149578908394567 0.17940405316276736 0.1456487302957966 0.29091932317533553 
0.7033838691284873 0.21071538196852202 0.2086481081110716 0.15142894237297028 0.46851269343475355 0.8520140083426178 0.8040091130687217 
0.12759470477125495 0.7469829356363005 0.7824160832743983 0.7744363269213638 0.20961628011771788 0.12435772189905392 0.19842750368668688 
0.8030265714573843 0.1732345337170063 0.33443572160832036 0.8698089127028774 0.16762191834132517 0.8498662041021676 0.3261893514728299 
0.8312069210300999 0.7151578736056793 0.13433605107654484 0.6751095507573781 0.18659164015840873 0.8444430258094808 0.20292005144080205 
0.8573323115464614 0.24510577939393907 0.45837079355182436 0.6005467696523923 0.4276333387190178 0.09536912558768984 0.6041084138847446 
0.8389991206864513 0.16430952675681 0.2855634240911137 0.7357549657195773 0.1936761835478733 0.15001348949861487 0.8535136768122646 
0.19213452241746193 0.5983369611918026 0.16335736197620404 0.14168323725201193 0.43043999143218553 0.4124003865253929 0.6487233486026924 
0.15402236569624206 0.1501963981251112 0.557231625432865 0.2915713540274073 0.6765186673751528 0.7944985343005138 0.14266816564742096 
0.7743321113938588 0.47670768208739994 0.7147412039023235 0.8860824518585435 0.19094876301027536 0.8579180183096531 0.465637532628375 
0.4380646973608761 0.7721388323513713 0.5067615826741639 0.1607114807355854 0.824984850868941 0.15322226244056175 0.29752236571739393 
0.736102333468456 0.15631436046674735 0.18641571752362895 0.8242282036396071 0.23671528721477025 0.7693952410570086 0.8305631662138111 
0.1558434721774664 0.11971525080670314 0.7293358403327529 0.29550768352306855 0.386741989395115 0.1953228355500029 0.19905020365084092 
0.7815558380277559 0.6862901792082275 0.6170576134393828 0.3890132982119613 0.47368917863310994 0.6610305158087915 0.32813283111067193 
0.10375108171842246 0.27730180208911603 0.17258648168971852 0.5358027480078342 0.6361274979482533 0.7667619968673822 0.8011222541661723 
0.8502026652619395 0.7342427699365626 0.8689974897810356 0.7951054204644221 0.833488495862545 0.39702700191245366 0.7106369788382858 
0.5708827342942877 0.8723370061963033 0.3326617337455933 0.7957724644842992 0.12295230376270411 0.18059873408177163 0.7716717718176271 
0.8561730557289777 0.5788365677127248 0.8076066624645948 0.16746291743021302 0.707055347241061 0.4048247430825135 0.17242783934638728 
0.1587481903645066 0.12311962891678663 0.541430604295009 0.7229284572389433 0.493594008542436 0.1804408088653135 0.24507546349335835 
0.8983591755903818 0.27835194814954844 0.8199399948517933 0.864150249486961 0.8025714016990986 0.7621778825471609 0.2581173065971417 
0.5416098588768915 0.09981639001217468 0.8423429449379946 0.405212562779863 0.2033086535633351 0.8248302335353499 0.43100238196507845 
0.8152603976223606 0.772373496656269 0.8238296786780137 0.5755802276217434 0.7763516890712774 0.8944263068695103 0.8384800090985921 
0.16466757871215715 0.6651255698645657 0.8141040874284615 0.14383258524498216 0.5149061942151204 0.3689174193149377 0.526813643900554 
0.5992998828433417 0.5173243439588728 0.8245276491608329 0.17416386011332013 0.2230195663352577 0.17656471980722938 0.15292184131128167 
0.4046026032144975 0.870450687951293 0.7954036040025614 0.3349356546866936 0.6098230662999606 0.8267016874083679 0.8574555771303107 
0.13402850755072027 0.17856241010245966 0.20668088780285898 0.5248340214875632 0.500026164673059 0.4593914520262937 0.572945343498438 
0.5328147151531956 0.7904428192241214 0.14950456806957008 0.4995767559442221 0.8423500589428551 0.7471393306121761 0.27190790685388416 
0.529763336147566 0.6425400925971825 0.5825497751649853 0.5457840021773364 0.8580249719115005 0.39880049702897424 0.21218239555443658 
0.5326917578330245 0.5611401298736745 0.8120705345969581 0.843590675146302 0.7910798197288886 0.10547002869420602 0.1859151465591749 
0.3892788762404824 0.20349757307111943 0.7875717690619448 0.8787894882063825 0.27013849203595175 0.15164342777631634 0.5446867489053189 
0.1155941913384918 0.46145207450787545 0.15543119894109853 0.7486231842838733 0.20657962525721663 0.7610938410431747 0.874604223611388 
0.19578886279203306 0.7579954217846248 0.4221109151010791 0.7790057881884371 0.26004526347433554 0.8360199096659258 0.14070645697204998 
0.15384566569891334 0.8666372895099859 0.7772839177699767 0.6611939218573561 0.1873516234005163 0.5289117357919761 0.15134975092240815 
0.46282596076599203 0.4523139084037827 0.4924826707408772 0.8540373380972969 0.5177620713533476 0.7849332157987781 0.8544830364690263 
0.17997243462436663 0.607017667217852 0.4918743746801913 0.3514452635941745 0.16296305053570403 0.8704567963498153 0.13722064796955658 
0.3531023575018557 0.7390068016121557 0.8553527845899225 0.12282636489109056 0.5833999415178648 0.1922084239556222 0.16945963456140228 
0.847463650012716 0.44315870504231675 0.8880623378694862 0.27195183721968413 0.3588409514264418 0.4300271808532179 0.46236522445979084 
0.1137508286547006 0.8471678164986711 0.17482787622502155 0.7879270006327186 0.20800582664359918 0.5262907433489216 0.7660347822310865 
0.6735315780368945 0.8194178705138981 0.5724516413677182 0.8637163737636548 0.12427844792421122 0.8003711115331922 0.8580044788998638 
0.7534869603588324 0.6935011841874741 0.23099352958224256 0.18803845352354043 0.11192834803995916 0.8570542828052876 0.16274743054392465 
0.8418367131402532 0.8473937443746586 0.2788632384720815 0.20503099320291718 0.8074649684421611 0.11667354627752985 0.3257458927718402 
0.3681664712612789 0.41020513128267866 0.1770435061125879 0.48906217876071006 0.7967013186706006 0.741764396128946 0.45497649440816207 
0.5240505409053914 0.49766839906837795 0.12981519114733076 0.5178423271818343 0.6710690541714632 0.5025602983105231 0.6903883324465191 
0.12955440613293867 0.2209890556832403 0.1993838844416046 0.5550419581759082 0.18456117726090038 0.5624804590052306 0.1840010476796009 
0.1576964756442032 0.39626102234069005 0.8472755220984627 0.8842453552013063 0.6874172828734695 0.8556191027082815 0.4578534440987898 
0.8710941336040019 0.5454699733779981 0.2150316991886178 0.11756709721582748 0.5710300408924132 0.14715600452130906 0.5424142037470399 
0.22881234442755033 0.7672046076863664 0.7674765520154146 0.8176588524794046 0.8480976620724543 0.853822284554333 0.16176152260208865 
0.7193546728141 0.8031887371131454 0.21456986243847548 0.16956520151496562 0.9035112797900097 0.8186305196076673 0.0966119063610732 
0.515333527656216 0.159603088780978 0.8238517216700852 0.5670212206633101 0.411389679696126 0.4462429186043699 0.8506259304865091 
0.39132906468527257 0.6901564320025251 0.19661267106701547 0.31095319479629024 0.7042395249198772 0.32821258414217425 0.08837812713497645 
0.821737797555 0.5457207032076044 0.4303716083073499 0.9027680648608323 0.355610251389063 0.2979368352023596 0.8959452924620148 
0.8339993501384161 0.5953987372654883 0.15060375615702482 0.726123029398476 0.4760645301414827 0.5657863951383337 0.24885838373710722 
0.7577015204065696 0.1360642989470942 0.21770911503192147 0.6577865563535478 0.8507392135406113 0.4966085528803643 0.6789014753840888 
0.862824535488355 0.8032631121080531 0.7482331306021931 0.7844597329593423 0.8566573865126369 0.8231222991815066 0.28090746108456605 
0.3083612764929212 0.2430499683499056 0.7040222966081248 0.820506201235089 0.843539101524602 0.1549188967717418 0.9041866964114724 
0.22953794228901442 0.5542042562859477 0.12465950787969476 0.8035112072163826 0.16270928474571844 0.8558477859183418 0.28930702773857364 
0.2954748437538749 0.15370206183243895 0.12198326485267919 0.7527701962025712 0.18811447023691263 0.8827697098428853 0.6858673364267504 
0.4342524488852045 0.16113446351468164 0.8345988683056867 0.5530281400526621 0.7283988425520066 0.16785961719281112 0.14154365250580264 
0.15924894161548925 0.7295121912190582 0.1717973412455157 0.3517889192739036 0.20571989495009452 0.5157669144209036 0.16170754795419862 
0.6989624950645535 0.18192377920377983 0.20406335766838857 0.8103024968214454 0.19012990254301787 0.4792335232500397 0.4585968980972059 
0.7220108651553887 0.57439674759952 0.89306027057354 0.4911643513084067 0.817141077477848 0.7611543755766189 0.20615948767826986 
0.7247828348930682 0.5478017956190142 0.7305182213722433 0.6958095005067589 0.6943794022174942 0.1394328455848977 0.5614805585392922 
0.14656557282082477 0.679540535971888 0.18745575139898973 0.2146249590683309 0.7644807810836192 0.5635763676598453 0.2688227318363343 
0.2388092613513209 0.7510153188127268 0.18570359436009487 0.8579854513330116 0.8279474251025596 0.39101061705502477 0.1808460660812477 
0.21786501628454824 0.8260477443602204 0.22184970119181835 0.1348490947396369 0.5716214606603484 0.167239816539815 0.19520812341000304 
0.7226238957258841 0.8299484126736829 0.8600552976341194 0.884069649509341 0.23022145289480217 0.5924881763129974 0.47554177397522224 
0.24263919376545906 0.6419607244525969 0.8692554019769365 0.268402633560762 0.19462833926459278 0.8634068329614517 0.15701527403463872 
0.7831154067255506 0.2787540369440114 0.7899069712197326 0.7018587194989672 0.3667525590037918 0.8577225378587872 0.5674964848962245 
0.7977944406351161 0.23896954377709623 0.26169899695818694 0.24228371021885642 0.8440051193704163 0.8785957691371848 0.7288475669767693 
0.24231869764239217 0.28427365570429397 0.5885999380321839 0.2256496543255711 0.8997465271498154 0.5035971949065913 0.32567286605474866 
0.5322090110231682 0.5641749924137348 0.16211841437441832 0.23695931800244258 0.8793736793603697 0.5809385787566885 0.8449583260756802 
0.7120488235669047 0.8114084722534765 0.3849975638852368 0.856934404094208 0.5599753657698306 0.5682162811918687 0.5710767868586628 
0.7721942445614004 0.6013071393498295 0.8300766976154561 0.8064657366581528 0.28721296589661327 0.5564692230115831 0.8546321301004776 
0.8276479537325756 0.2719741844160759 0.4444972220930701 0.45860986845212415 0.34270732565956846 0.43827925628663655 0.11959540584766604 
0.20932033299320785 0.1377163337109507 0.18477024224980632 0.8286466442834484 0.39129155279614636 0.17145360121622932 0.7030782737805207 
0.8575131110876391 0.42334526545191525 0.7995285600656936 0.5668289154259127 0.10203963133740507 0.7928319712540903 0.698422635617225 
0.146266349269004 0.3414996030503762 0.3675726199703899 0.30634883352972364 0.1883720788637825 0.8677126961403909 0.5634635709573985 
0.12076685421147976 0.9026589276196227 0.837579842362272 0.5007221726227897 0.36705041835074925 0.2665007090952346 0.7150433060840584 
0.8607702574771163 0.4580989723274861 0.5545656117219773 0.868827987480647 0.22690464762090767 0.3625124833396372 0.5565302194221053 
0.8521403534783227 0.721286889982734 0.15972719571635774 0.13397829129521643 0.22806186580155252 0.7229298508696951 0.8062062746150094 
0.6730701946015242 0.6245884616890753 0.571025505562864 0.513142475119275 0.7658949346402277 0.5363207249945153 0.8263948194132258 
0.4098787819736986 0.771474276567599 0.7196156307257671 0.8624139456903983 0.851796579669295 0.8580308955558384 0.7389721117160069 
0.5428615042937281 0.20399798467147157 0.19532371582555869 0.13556999043347556 0.13020748575550078 0.6515658224473528 0.1820501071560815 
0.8168253450497649 0.7451466723281893 0.18211175779292688 0.2062842465729151 0.19441235230212683 0.17091087309949837 0.6019932116528173 
0.15532536966052063 0.12850559773455295 0.6792933761232552 0.8408637832844414 0.8345794299938285 0.15428500116942195 0.294142520296778 
0.15511884943950544 0.15009228122614193 0.7837768889882142 0.535124550879339 0.8275676540219251 0.8122090104469618 0.5627646150597867 
0.24756049616381628 0.7407002427784894 0.19916687597098193 0.1528227159468331 0.20712364549675694 0.1417955408772228 0.4473172431295174 
0.8313471404072874 0.6540251252235011 0.8125912756038263 0.14326056030654993 0.2015870533384056 0.8472565723330334 0.7512965868463748 
0.8170482330271588 0.47200118102240746 0.08796054593457048 0.5401780401660725 0.8285413513479207 0.2908113794460301 0.5835773960149816 
0.17049338241625256 0.6542534582333026 0.1419993738223162 0.15513752084361976 0.8132526692657907 0.7593739074632282 0.6609175689428858 
0.4043646398118227 0.24074734718060753 0.12683010543666245 0.20880207948311313 0.4742463218829862 0.12314386932598376 0.6124381581814791 
0.46246732627247966 0.2957526767310885 0.7932272961780431 0.6208000758740858 0.22398268351127293 0.15043890994790676 0.15784827159147713 
0.8481391283609871 0.23940492710972838 0.7941463503066077 0.1704598538806812 0.17618410354650194 0.8238655238803878 0.19227822121178195 
0.8578090843181834 0.16401864562540897 0.15357196764650494 0.4924077692782096 0.8141437837621819 0.6662551279065014 0.3644022355619745 
0.11060578197185522 0.7703472714235631 0.2618696820426423 0.8850226346295392 0.5408810739422547 0.7850413737341719 0.6907037161949215 
0.4099611954122487 0.4308105128748789 0.8019293326948804 0.5101349610407049 0.500303707875749 0.8604582812716894 0.7369130445617762 
0.4767721882276137 0.7390585476773497 0.6547937011546476 0.10775322322050074 0.5033409981888879 0.27916944780031794 0.8463102484076618 
0.8504631644017262 0.7953752764424213 0.8364812197794211 0.6156674557343534 0.3109396622854417 0.3782509761983843 0.1615980467081854 
0.13687845983758512 0.9035141346640386 0.595839146603411 0.1818769675536107 0.17108309172401126 0.7763887808588766 0.40540541021437104 
0.1507431667265206 0.721269200662404 0.42120525209837645 0.4696829192976615 0.8797016415627452 0.16643413384228778 0.22105248541064548 
0.6884008072545712 0.5650634759491179 0.8601506570664519 0.1804540683420025 0.14293743468112136 0.4974181308564229 0.7647549826182327 
0.47377950973996563 0.31413383100925507 0.7964011804035072 0.1868998319727927 0.8405577776984255 0.22797313723766638 0.8171612319723285 
0.14782670830162714 0.11969054174911259 0.7338393172855293 0.539241551155158 0.29164837736906835 0.1583497062979236 0.6199408041459096 
0.8136577660308959 0.45135872925602605 0.5805141301035691 0.4267360954586944 0.17790421592164357 0.30740662454009543 0.47278111111966276 
0.6620110914275176 0.1874142669513092 0.5334692417052483 0.14180564066178608 0.4814021312867716 0.176241060231614 0.16201029097127756 
0.798858508160007 0.2840093021627457 0.8148159429781002 0.5091015222418843 0.8413184935054859 0.14313060103795178 0.8456001545679788 
0.7689211899799583 0.8657583247565811 0.813437101769076 0.1667285531882589 0.5989189561230807 0.27592243819960777 0.8682750490607127 
0.3780036057107002 0.8673662105628904 0.29468775362965577 0.8616288552068325 0.8449322588509981 0.8023107031999872 0.33582941322430615 
0.16319424779786573 0.1523701181270649 0.17573084552485396 0.4630841881095847 0.830057235632768 0.23983313226743602 0.2672936228729449 
0.7067424625106085 0.8080890935880403 0.7399429076000569 0.16108937312814287 0.7435555434554193 0.899408785646542 0.5075343856250156 
0.6380575133374184 0.16354456898376568 0.11856710890087385 0.5519472719941355 0.4042596064108094 0.7218244109336647 0.29774638362062755 
0.575080397756026 0.16369137396428268 0.8351910223020986 0.18702038405885058 0.1526911295936097 0.7321806049858441 0.8730379513504452 
0.4653171131763608 0.8454008594965728 0.4232779767934993 0.809054524394235 0.45188629362432065 0.7865368235051997 0.8299754645257782 
0.7732684127436616 0.8049875022332309 0.5001140094327794 0.1292495522295778 0.2161873400801851 0.17311253969864876 0.22083421102023076 
0.8553243184969475 0.6277242239977924 0.16825045732239252 0.33661862548237553 0.5086722950997887 0.8287283851173277 0.5418996062746797 
0.7349630613581758 0.10937787812811695 0.48612934422818066 0.2064547227147172 0.13368631462219965 0.5954582326283379 0.431871428329874 
0.8431309016373385 0.16350146853821435 0.15026784808122218 0.21926308407218686 0.7438269251662739 0.32398676693410894 0.8091467050399546 
0.8443549709332017 0.16203976733901404 0.8303377063101133 0.7619771004372659 0.4555475277806193 0.4775444190217948 0.5488621139326101 
0.4187109028403092 0.8507290153329532 0.338651842774339 0.11413053474208928 0.65698508465754 0.7210773543722363 0.8443636507269832 
0.23337547886406762 0.9055419114545251 0.17277078202872176 0.7762868699223457 0.5404552802628333 0.17795798905625165 0.2133298903509856 
0.4930980918881402 0.1365674271026493 0.45419368924842485 0.5485869652422352 0.5883166609320309 0.12227049274920448 0.6513684017347634 
0.8150503027749132 0.2045806070225079 0.5203472063635323 0.5116836824736593 0.866122515764228 0.6755753338481811 0.14721693473027125 
0.3030487432006388 0.8861835649337504 0.1178747765232177 0.7246720056112932 0.4667650717681187 0.7657598305616727 0.21330337829539758 
0.766771558688276 0.4566710208146282 0.9018421390973819 0.8258220898050587 0.2221706287087657 0.18921149022033223 0.44747788499382146 
0.5122465144088201 0.42869750880120544 0.46950833364429545 0.24242774099178016 0.1571078653239404 0.21932436239941017 0.21031352689290556 
0.8442360800037348 0.13186649584144766 0.8166024303047468 0.6656033483049522 0.381397147052011 0.7916611043291443 0.15553907313473891 
0.8327907746166052 0.12450849817581955 0.7029649497086048 0.5037853236788605 0.6232353249790118 0.224161056958327 0.35433326310941243 
0.7794699943740182 0.8939361208815113 0.41614160779498116 0.24273354218312465 0.7794013552692554 0.45630873447726616 0.2647725478139147 
0.1777662883448337 0.6289455762832572 0.1578643647117856 0.16974619439661892 0.2636883442601218 0.8249234201094152 0.8226593680830229 
0.1210052353226117 0.1577795088884555 0.21758444045044145 0.7685427153814451 0.13448771308848678 0.521429912197062 0.7665674520726229 
0.2716505120543263 0.45460909414077133 0.23861539274602306 0.8099205698164655 0.8119771515698464 0.1690259505456208 0.8145225464641878 
0.8258050500094666 0.11558174359987589 0.7821277938627569 0.8108525588183411 0.11620283568578837 0.4136018992696755 0.40272296539600805 
0.18645846271633293 0.5412446686655604 0.6084240371479618 0.17667654288912688 0.8306877192840008 0.888964864326657 0.15645118854157342 
0.2654712842460274 0.8627244300120009 0.812786745632221 0.8173599550694284 0.8892897038952869 0.33937009820455954 0.5991276624515061 
0.5597554103033109 0.5475369917659486 0.6095654176400751 0.10483833382791702 0.7669791075258054 0.5899756465082919 0.21394221013193293 
0.347802447283191 0.8205149870648967 0.7116206136693106 0.8774582820834317 0.2106668839859695 0.49426537935704334 0.8528905669475562 
0.16112595072134722 0.7926958156716618 0.3681894074827712 0.6846522355712786 0.7303331799415516 0.7626922181884928 0.8521277596046244 
0.7627907315037662 0.18778754165967043 0.5477300862736818 0.24755486130521742 0.8066192002505024 0.4656490487690181 0.5658626549697883 
0.5473935408803161 0.3238069507989209 0.1584605523988059 0.22379322973847482 0.28620899735849703 0.8325586719294447 0.5310234115495095 
0.7547051997463805 0.338584804327957 0.40237808981310863 0.8826710204737889 0.8024157881243241 0.7920687823784092 0.22668276772363372 
0.8526407299562861 0.8247813189124957 0.21698242567342352 0.8322647588231931 0.8636944383007836 0.8729341532819739 0.6043787096482549 
0.7846427184103644 0.22920715314642498 0.15467036910659593 0.8785342067097222 0.8004972117060125 0.8128309715230266 0.8238698462279057 
0.3872919860940416 0.8553688370849541 0.8561639484015506 0.6956932703070423 0.2436941463720826 0.8435614035145692 0.25793679548376114 
0.2268418436506776 0.12086764700791575 0.22991321905543566 0.8599500227357975 0.8398650753989612 0.1922514329771724 0.7202321213239093 
0.45361699526721283 0.24225787198870513 0.7118747781027344 0.4328844051823197 0.37323259361316424 0.8410184637162021 0.09500100057352756 
0.29167277601660724 0.7501194080333253 0.19069825353999964 0.35831097839925186 0.15058606308503947 0.857164806214463 0.36832139150126436 
0.38113726918210933 0.19589976481284482 0.37666913969779797 0.11541182044865744 0.8491401646244179 0.6832128603779071 0.7678751563025721 
0.7092084783795978 0.15153408584255562 0.2082593249382158 0.590030989868967 0.17005116976048368 0.13204614689962907 0.22069974461203673 
0.5852230825935849 0.817715169382787 0.7340245204257759 0.14824594544299874 0.8652271335969469 0.4594970341258246 0.7180147068754563 
0.2157481810017714 0.22146564625864712 0.23698201974556482 0.8925082429789537 0.7560889865321565 0.8279435338987401 0.7382260553470754 
0.27660380646345595 0.8602000018689239 0.8044737202390218 0.6647931484483696 0.6289034813802442 0.8741344278551144 0.6100549031524815 
0.2676855538762647 0.7851928950225711 0.2773586533390324 0.8277661803283785 0.17088318820457127 0.27986479252765933 0.09659986026924716 
0.16743887953325082 0.1783593907515738 0.33381470392094637 0.86574470695093 0.1702520892978137 0.7468169136439086 0.2415289740553931 
0.46307110729693857 0.8517896017715918 0.7719924111157728 0.33930855352277955 0.20260506376721737 0.41520242620166703 0.8491761113482326 
0.4403287691828598 0.571736605587883 0.7581299908047754 0.515423162423932 0.33874678420512705 0.16266906582380392 0.514942553686559 
0.4462818619712905 0.5154563301370475 0.16867684698794838 0.5725965407131346 0.40879613216159894 0.8579281152741381 0.8201769617278665 
0.14841720266510555 0.2985825401552834 0.6804797236893532 0.13368210354280102 0.5592497071159711 0.8890782663306644 0.7278207818775203 
0.132441957676058 0.11638402386865337 0.7915858800856783 0.1448261294546006 0.7056572548951576 0.44194843007812284 0.5156644951637755 
0.1671676494919953 0.8845437245586594 0.26630372157711846 0.5225013620931344 0.7593263954698453 0.5016790197916579 0.17589444778232666 
0.26457921151541175 0.5522880951064939 0.5049283266136181 0.8650225298622336 0.1283221635998112 0.22518101709627847 0.8750731262226006 
0.8348391420338372 0.13803843093876927 0.1517373520493775 0.836114988228131 0.6081521880333473 0.6195820052425337 0.15064203176258278 
0.8710724319682073 0.7501634412613762 0.8207853801622393 0.19153114679852495 0.19793413938665017 0.4415720053924591 0.21613117547328514 
0.5150971620605433 0.4575950949942919 0.14204346458755712 0.8446947852491826 0.29108907567988684 0.8630963262583504 0.43588510779562684 
0.793157490370807 0.376007594145725 0.8126788002951779 0.5277952422057818 0.46425016634761124 0.7310076565393887 0.8563178569990371 
0.6310350345397112 0.3860378506492522 0.2020226357847868 0.12578826392841952 0.7427506277467396 0.2142328684659292 0.840128596406275 
0.1999165855099706 0.37526415344723074 0.5002794284897322 0.19220653142180388 0.20041300526604483 0.19131532042147842 0.5012733272191647 
0.45190176763969064 0.5431450647116871 0.8298156139049151 0.4518721794397008 0.8797365100545689 0.2042973985671569 0.16550117280863913 
0.13171792290639323 0.43171745325376004 0.7226686709207031 0.2208238658806208 0.5507060698642389 0.4538041360115153 0.11326138099194583 
0.6789623496871369 0.8713837098096135 0.31824549303448324 0.17272302333365408 0.8394774603231397 0.8223421286034474 0.5241504053202372 
0.5284502038571498 0.8368783470624122 0.853438821302981 0.1619407982034755 0.20843504012945874 0.6593328079192847 0.2905374095653709 
0.5189120608147465 0.10952127029382092 0.6942391689296723 0.6896792318819625 0.8541962349724775 0.4490812369420827 0.7397582938408404 
0.7777442951577602 0.15830564904001765 0.22665717816068276 0.3683478044599102 0.16802751463428212 0.7463482954092477 0.8241564713066918 
0.16480355396939284 0.885856015400724 0.34821384792500165 0.2194777194198823 0.7822227896870151 0.3881304230323839 0.5573120359177361 
0.7869712386914702 0.44718522178368153 0.4023530508250871 0.1641073212493786 0.12807449999557918 0.8458150873122966 0.49940921983232756 
0.8734110197201348 0.5333384006876352 0.22029176875274348 0.5018103495988147 0.7775340013132083 0.7732681033381221 0.1373541821430188 
0.517054072728213 0.14492899493244793 0.15858957150279468 0.8342488842002704 0.7962676790519727 0.4908308593974264 0.38262094407277014 
0.7545318360907096 0.1545956968293749 0.8049725180849401 0.852644822625071 0.838268541481169 0.8168504873954137 0.7514278475496674 
0.16619237515306173 0.5305875162987392 0.8001776043257678 0.5839208368483259 0.7310504504227703 0.18329897868701944 0.4612836763358446 
0.1659683777376516 0.8259859014308442 0.7663806678628997 0.327458956281361 0.8607564729460239 0.1940328835913735 0.8415649862778956 
0.500658853470133 0.6573266013090072 0.8881885922009933 0.6560464095668117 0.17851837102553214 0.8796852584762964 0.7129110650258983 
0.23881362827961655 0.8687988926759382 0.157986582324381 0.7985694102484892 0.807105699028227 0.46339130884781204 0.8745538911775648 
0.8056002740506858 0.21506313465837812 0.33081161358023947 0.2263491038051812 0.8363680865626208 0.1688703586272733 0.4470377310848242 
0.27753828481098797 0.5268579306158465 0.6958012942555485 0.8228799191193679 0.5345448084464746 0.8567849501595542 0.168628610634996 
0.5047636632687114 0.4450404340543956 0.6708794438798356 0.4932895776298929 0.22500466644212314 0.17507906511329718 0.9073252134324281 
0.5921762347895924 0.693158335483699 0.25188155898369885 0.4218950555127256 0.6026478329528417 0.20095075216707975 0.8643172709772303 
0.5199149715896377 0.23592821727269592 0.5229269243171671 0.7040629447193552 0.17755792494554984 0.380986681477596 0.12849140952717597 
