100 51 1.0 0.06943902749825391 0.0 0.0 0.5997700750827789
200 76 1.0 0.06669793699494145 0.0 0.0 0.487300 120 1.0 0.300 95 1.0 0.059656102501429144 0.0 0.0 0.32999400 147 1.0 400 112 1.0 0.06935258750176755 0.0 0.0 0.55774500 175 1.0 500 134 1.0 0.06978456558422112 0.0 0.0 0.6349999600 198 1.600 149 1.0 0.09559894270613363 0.0 0.0 0.89957552700 223 1700 161 1.0 0.09968864433012042 0.0 0.0 0.89999420800 246 1800 175 1.0 0.10014847659058213 0.0 0.0 0.89999594900 256 1900 187 1.0 0.0943132319886623 0.0 0.0 0.8996801941000 2731000 197 1.0 0.0923645400632351 0.0 0.0 0.8991568422311100 1100 209 1.0 0.09102962762536429 0.0 0.0 0.859368500709512001200 218 1.0 0.09704486003431678 0.0 0.0 0.8999950754642487
1300 226 1.0 0.09625597542670691 0.0 0.0 0.899732530117035
1400 236 1.0 0.10078939299781974 0.0 0.0 0.8999956548213959
1500 248 1.0 0.10371264151775485 0.0 0.0 0.8996278595924379
1600 255 1.0 0.10595473582053861700 325 1.0 0.103742200886211700 259 1.0 0.10813760099392771800 333 1.0 0.105576898847411800 263 1.0 0.1097902460867883 0.0 0.0 0.891900 338 1.0 0.1900 265 1.0 0.11109396362655252000 350 1.02000 344 1.0 0.072000 269 1.0 0.11007813300919452100 361 1.2100 352 1.0 0.0722100 274 1.0 0.12200 365 1.0 0.104779398462200 359 1.0 0.0712200 277 1.0 0.12300 373 1.0 0.106237140002302300 285 1.0 0.11986301090115249 0.0 0.0 1.0
2400 293 1.0 0.1186612587837742500 393 1.0 0.2500 298 1.0 0.11878292576362535 0.0 0.0 1.0
2600 302 1.0 0.11820301374337516 0.0 0.0 0.9999999809265137
2700 308 1.0 0.11784651771263749 0.0 0.0 0.9999998664855957
2800 319 1.0 0.11904106616555685 0.0 0.0 0.9999996566772462
2900 325 1.0 0.11720178088048211 0.0 0.0 0.993000 434 1.4 0.3000 331 1.0 0.11537939215903488 0.0 0.0 0.973100 437 1.4 0.3100 338 1.0 0.11373156082486746 0.0 0.0 0.963200 446 1.4 0.3200 340 1.0 0.11407139449857545 0.0 0.0 0.9577459104920859
3300 344 1.0 0.11362828932645835 0.0 0.0 0.9471937264534044
3400 347 1.0 0.11235780224598235 0.0 0.0 0.9388654217851575
3500 348 1.0 0.11260952108472372 1.0642037987879782e-55 0.0 0.9360893202293700 3600 353 1.0 0.11186711187677979 2.128403800 483 1.4 0.10958050533950581 0.0 0.3700 33900 487 1.4 0.11077478919102304 0.0 0.0 0.8056609345972537
4000 494 1.4 0.10996668337532044 0.0 0.0 0.8028304672986267
4100 504 1.4 0.10842717529559687 0.0 0.0 0.8
4200 510 1.4 0.10768372476368832 0.0 0.0 0.8
4300 511 1.4 0.10982516706466076 0.0 0.0 0.8040435247123242
4400 513 1.4 0.11025926468541147 1.5830265470252528e-46 0.0 0.8032348197698592
4500 519 1.4 0.1093770485178594 1.5830265470252528e-46 0.0 0.8008087049424646
4600 523 1.4 0.10854051277450147 1.0983052436390684e-40 0.0 0.8
4700 528 1.4 0.10804244740166788 7.915132735126264e-47 0.0 0.8052565821260212
4800 534 1.4 0.1096328170334248 5.9519913324016734e-40 0.0 0.8401582299917906
4900 537 1.4 0.10902034319524924 1.0983052436390684e-40 0.0 0.8264134383201589
5000 539 1.4 0.1089868708921972 1.975993899770348e-40 0.0 0.8172502438724011
5100 543 1.4 0.11182583615519597 1.0983052436390684e-40 0.0 0.8999718993902207
5200 550 1.4 0.11305323328272765 5.9519913324016734e-40 0.0 0.9
5300 553 1.4 0.11406532869169862 1.2444295472165898e-39 0.0 0.9
5400 558 1.4 0.11196796911579716 5.9519913324016734e-40 0.0 0.9
5500 560 1.4 0.11475022119777416 2.020701438245269e-38 0.0 0.9
5600 565 1.4 0.1157106962237314 1.2444295472165898e-39 0.0 0.9
5700 570 1.4 0.1152034703842145 2.3073313723264864e-33 0.0 0.9
5800 574 1.4 0.1145822373769007 1.1186142118599447e-39 0.0 0.9
5900 578 1.4 0.1139618662620674 1.5371495717047082e-40 0.0 0.9
6000 581 1.4 0.11478177588538382 1.0983052436390684e-40 0.0 0.9
6100 588 1.4 0.11341421426327805 7.915132735126264e-47 0.0 0.9
6200 589 1.4 0.11390759582732764 6.321407435035368e-44 0.0 0.9
6300 592 1.4 0.11559692632658784 7.915132735126264e-47 0.0 0.9
6400 595 1.4 0.11513349663278287 1.5830265470252528e-46 0.0 0.9
6500 600 1.4 0.11523811724817752 0.0 0.0 0.9
6600 601 1.4 0.11506445753936521 0.0 0.0 0.9
6700 605 1.4 0.11479488923864632 0.0 0.0 0.9
6800 608 1.4 0.11488219910712291 0.0 0.0 0.9
6900 613 1.4 0.11475918182875249 5.576057207023773e-63 0.0 0.9
7000 616 1.4 0.11521905620943661 3.1686188502528105e-44 0.0 0.9
7100 622 1.4 0.11635477692096122 7.915132735126264e-47 0.0 0.9
7200 627 1.4 0.11574586546281558 1.5830265470252528e-46 0.0 0.9
7300 628 1.4 0.1169927739058665 7.915132735126264e-47 0.0 0.9
7400 638 1.4 0.11632039678210918 0.0 0.0 0.9
7500 638 1.4 0.11648125044080575 0.0 0.0 0.9
7600 642 1.4 0.11732332651603745 0.0 0.0 0.9
7700 646 1.4 0.11845105541013912 7.915132735126264e-47 0.0 0.9
7800 649 1.4 0.11882794860885595 0.0 0.0 0.9
7900 653 1.4 0.1187381948630563 0.0 0.0 0.9
8000 654 1.4 0.11964637711526477 0.0 0.0 0.9079749495389854
8100 658 1.4 0.11922299479297649 0.0 0.0 0.9034178355167073
8200 660 1.4 0.11933205084024832 0.0 0.0 0.9011392785055683
8300 664 1.4 0.11876374592808088 0.0 0.0 0.9
8400 667 1.4 0.11959108565179381 0.0 0.0 0.9
8500 670 1.4 0.1201003676518403 0.0 0.0 0.9
8600 671 1.4 0.12096431417273855 0.0 0.0 0.9
8700 674 1.4 0.12054288489333748 0.0 0.0 0.9
8800 677 1.4998178243637086 0.12237158718260169 0.0 0.0 0.9045571140222756
8900 679 1.4998178243637086 0.12201149840430281 6.321407435035368e-44 0.0 0.9022785570111391
9000 680 1.4998178243637086 0.12262698912975349 9.883130202569257e-41 0.0 0.9011392785055683
9100 680 1.4998178243637086 0.12277368696756208 9.883130202569257e-41 0.0 0.9011392785055683
9200 685 1.4998178243637086 0.12187819068300175 1.5830265470252528e-46 0.0 0.9
9300 689 1.4998178243637086 0.12131625075071993 1.975993899770348e-40 0.0 0.9
9400 691 1.4998178243637086 0.12296952162004182 1.975993899770348e-40 0.0 0.9113927850556927
9500 693 1.4998178243637086 0.12257052599369303 6.321407435035368e-44 0.0 0.9091142280445537
9600 694 1.4998178243637086 0.12239391140292402 3.1686188502528105e-44 0.0 0.9079749495389854
9700 696 1.4998178243637086 0.12204220476096157 7.915132735126264e-47 0.0 0.9056963925278464
9800 700 1.4998178243637086 0.12134482493620918 3.160703717517684e-44 0.0 0.9011392785055683
9900 701 1.4998178243637086 0.12145702865306372 9.927988765032998e-40 0.0 0.9
10000 703 1.4998178243637086 0.1242674694787478 9.927988765032998e-40 0.0 0.9907219101872538
10100 705 1.4998178243637086 0.12397500635768134 5.352413766140197e-42 0.0 0.9831734279565998
10200 705 1.4998178243637086 0.1246431153419854 5.352413766140197e-42 0.0 0.9831734279565998
10300 707 1.4998178243637086 0.12429062852943712 5.352413766140197e-42 0.0 0.9756249457259458
10400 711 1.4998178243637086 0.12433708215801423 6.321407435035368e-44 0.0 0.9605279812646466
10500 712 1.4998178243637086 0.12472249213023366 5.9519913324016734e-40 0.0 0.9567537401493152
10600 712 1.4998178243637086 0.1248629415684359 1.1186142118599447e-39 0.0 0.9567537401493152
10700 713 1.4998178243637086 0.12577899611316226 2.739750655392378e-36 0.0 0.9529794990339926
10800 715 1.4998178243637086 0.125565970648942 2.739750655392378e-36 0.0 0.9454310168033386
10900 718 1.4998178243637086 0.12600793244582004 1.3926223605660978e-36 0.0 0.934108293457362
11000 720 1.4998178243637086 0.1260745755215715 8.528469736186326e-32 0.0 0.926559811226708
11100 722 1.4998178243637086 0.1260976823320726 3.922645984126898e-30 0.0 0.9216462916058146
11200 723 1.4998178243637086 0.12670731307662467 1.434973086670257e-29 0.0 0.9205070131002464
11300 726 1.4998178243637086 0.1261916605330231 1.1024283087496055e-29 0.0 0.917089177583539
11400 727 1.4998178243637086 0.12739888956851217 6.156343102353867e-29 0.0 0.9159498990779683
11500 729 1.4998178243637086 0.12869546328798007 6.520132231741505e-28 0.0 0.9680764634953005
11600 732 1.4998178243637086 0.12816802491775836 3.567883270988446e-28 0.0 0.9567537401493152
11700 733 1.4998178243637086 0.12824072713480614 6.520132231741505e-28 0.0 0.9529794990339926
11800 735 1.4998178243637086 0.12778183968416423 6.520132231741505e-28 0.0 0.9454310168033386
11900 737 1.4998178243637086 0.12757061156738475 6.520132231741505e-28 0.0 0.9378825345726847
12000 737 1.4998178243637086 0.13008432141207546 1.0325672489385627e-25 0.0 0.9984647238254547
12100 740 1.4998178243637086 0.1308769426071112 2.761750130151648e-25 0.0 0.9983189752697944
12200 742 1.4998178243637086 0.13144962518798825 3.253557024400656e-24 0.0 0.9944961513025764
12300 744 1.4998178243637086 0.13185839252759396 2.761750130151648e-25 0.0 0.9990963008999826
12400 747 1.4998178243637086 0.13117363503994414 1.11800 823 1.9 0.15376951147510723 3.9257242412500 750 1.4998178211900 823 1.9 0.15425553620768537 4.490823403251188e-14 0.0 1.0
12000 825 1.9 0.15388158339263847 6.837397573064541e-14 0.0 1.0
12100 828 1.9 0.1518299574574298 4.208273821965565e-14 0.0 1.0
12200 829 1.9 0.15200868895245429 4.490823403251188e-14 0.0 1.0
12300 833 1.9 0.1518847791652178 6.837397573064541e-14 0.0 1.0
12400 833 1.9 0.15200380294387397 6.837397573064541e-14 0.0 1.0
12500 834 1.9 0.15212225741751478 5.6641104881578645e-14 0.0 1.0
12600 836 1.9 0.15175832872717135 7.103722535350953e-14 0.0 1.0
12700 838 1.9 0.15139613486735712 7.103722535350953e-14 0.0 1.0
12800 840 1.9 0.15117976115593398 7.103722535350953e-14 0.0 1.0
12900 842 1.9 0.15355329799268816 1.1078670035340834e-13 0.0 1.0
13000 842 1.9 0.15355329799268816 1.1078670035340834e-13 0.0 1.0
13100 845 1.9 0.15335013654666801 9.717666344141027e-14 0.0 1.0
13200 846 1.9 0.15328706898729202 1.1078670035340834e-13 0.0 1.0
13300 847 1.9 0.15275190125531174 7.406743946468398e-14 0.0 1.0
13400 849 1.9 0.1523958705320949 7.370047497637367e-14 0.0 1.0
13500 851 1.9 0.15284046043953398 7.370047497637367e-14 0.0 1.0
13600 851 1.9 0.15472059814418843 7.406743946468398e-14 0.0 1.0
13700 851 1.9 0.15472233749107406 9.717666344141027e-14 0.0 1.0
13800 853 1.9 0.15773554504420365 1.243967372654064e-13 0.0 1.0
13900 855 1.9 0.1575942225845057 1.5300696152083066e-13 0.0 1.0
14000 857 1.9 0.15750466321972884 1.5300696152083066e-13 0.0 1.0
14100 859 1.9 0.1579279687475315 1.5300696152083066e-13 0.0 1.0
14200 862 1.9 0.1581792898899853 1.3870184939311854e-13 0.0 1.0
14300 864 1.9 0.1588753501858973 2.2572536140253215e-13 0.0 1.0
14400 866 1.9 0.15851623488855462 2.2572536140253215e-13 0.0 1.0
14500 868 1.9 0.15884454814002097 1.1078670035340834e-13 0.0 1.0
14600 872 1.9 0.15926261356149085 1.3870184939311854e-13 0.0 1.0
14700 874 1.9 0.15957885994140672 1.534799051270208e-13 0.0 1.0
14800 876 1.9 0.15772112455473453 1.534799051270208e-13 0.0 1.0
14900 877 1.9 0.15704094572988864 1.5300696152083066e-13 0.0 1.0
15000 877 1.9 0.1581517958700011 1.5300696152083066e-13 0.0 1.0
15100 879 1.9 0.15835843810220032 1.5395284873321093e-13 0.0 1.0
15200 879 1.9 0.15845118596701374 1.5300696152083066e-13 0.0 1.0
15300 879 1.9 0.15951836373510117 1.5395284873321093e-13 0.0 1.0
15400 881 1.9 0.1593860231000883 4.3262221062490004e-13 0.0 1.0
15500 881 1.9 0.1611056645901211 6.160776557420255e-13 0.0 1.0
15600 882 1.9 0.16092300510645885 5.243499331834627e-13 0.0 1.0
15700 883 1.9 0.16006125764879647 2.9749787407185335e-13 0.0 1.0
15800 888 1.9 0.15989397923986515 1.534799051270208e-13 0.0 1.0
15900 889 1.9 0.15993909193283853 2.9749787407185335e-13 0.0 1.0
16000 894 1.9 0.15917334807411004 2.2572536140253215e-13 0.0 1.0
16100 896 1.9 0.15892956323534393 2.2572536140253215e-13 0.0 1.0
16200 898 1.9 0.15887280215650282 3.010740185189002e-13 0.0 1.0
16300 899 1.9 0.15949438201461844 3.0465016296594705e-13 0.0 1.0
16400 902 1.9 0.15928648690297234 6.427605082246444e-13 0.0 1.0
16500 903 1.9 0.15917955686452176 7.213592136817715e-13 0.0 1.0
16600 905 1.9 0.16039574927671585 7.213592136817715e-13 0.0 1.0
16700 906 1.9 0.16117867186111864 1.071033801355109e-12 0.0 1.0
16800 908 1.9 0.160545485345396 8.482510044429384e-13 0.0 1.0
16900 910 1.9 0.16071426733644875 8.482510044429384e-13 0.0 1.0
17000 911 1.9 0.160427830182028 7.836885047837278e-13 0.0 1.0
17100 911 1.9 0.16099605574631207 7.836885047837278e-13 0.0 1.0
17200 913 1.9 0.16033109190756312 6.694433607072633e-13 0.0 1.0
17300 913 1.9 0.160878730700936 7.213592136817715e-13 0.0 1.0
17400 913 1.9 0.16197401751495039 7.213592136817715e-13 0.0 1.0
17500 915 1.9 0.16216638482388437 7.213592136817715e-13 0.0 1.0
17600 917 1.9 0.16316503733170695 1.1749892755692822e-12 0.0 1.0
17700 918 1.9 0.16269226527164043 1.071033801355109e-12 0.0 1.0
17800 919 1.9 0.16247441571868518 9.670783271409357e-13 0.0 1.0
17900 921 1.9 0.16288163740007783 9.670783271409357e-13 0.0 1.0
18000 922 1.9 0.16402851068834398 1.3569866069425036e-12 0.0 1.0
18100 922 1.9 0.16375894793674045 1.7084388635699604e-12 0.0 1.0
18200 923 1.9 0.1636901677258942 2.026329526058835e-12 0.0 1.0
18300 923 1.9 0.16404407620664183 2.8907706200648423e-12 0.0 1.0
18400 926 1.9 0.16372859894446984 4.232981296838508e-12 0.0 1.0
18500 928 1.9 0.16359125280036338 4.232981296838508e-12 0.0 1.0
18600 928 1.9 0.16480892934422184 9.229906437525692e-12 0.0 1.0
18700 928 1.9 0.16523995226748026 1.2038234214001298e-11 0.0 1.0
18800 929 1.9 0.16527730003289173 1.2446354385721915e-11 0.0 1.0
18900 930 1.9 0.1648845287425338 1.2038234214001298e-11 0.0 1.0
19000 930 1.9 0.1648845287425338 1.2038234214001298e-11 0.0 1.0
19100 930 1.9 0.16509967846946122 1.7509885116697566e-11 0.0 1.0
19200 930 1.9 0.1650996784694737 1.7509885116697566e-11 0.0 1.0
19300 930 1.9 0.1650996784694737 1.7509885116697566e-11 0.0 1.0
19400 930 1.9 0.16563741717722272 2.3375233534915506e-11 0.0 1.0
19500 932 1.9 0.16667637731434637 4.894822786943115e-11 0.0 1.0
19600 933 1.9 0.16713512550430823 6.564409220251721e-11 0.0 1.0
19700 934 1.9 0.16706324635494602 4.894822786943115e-11 0.0 1.0
19800 937 1.9 0.16748739453973174 6.564409220251721e-11 0.0 1.0
19900 937 1.9 0.1670624929763619 3.22523635363451e-11 0.0 1.0
20000 937 1.9 0.167275938061705 7.133342732047784e-11 0.0 1.0
20100 938 1.9 0.16720420417853507 4.894822786943115e-11 0.0 1.0
20200 938 1.9 0.16765064048481054 4.894822786943115e-11 0.0 1.0
20300 941 1.9 0.16722233541580528 2.4177051222157798e-11 0.0 1.0
20400 942 1.9 0.16745743864274668 2.3375233534915506e-11 0.0 1.0
20500 942 1.9 0.1672914151705741 1.2038234214001298e-11 0.0 1.0
20600 943 1.9 0.16626035172645132 1.160975254633176e-11 0.0 1.0
20700 944 1.9 0.16737498663367656 1.161993329430622e-11 0.0 1.0
20800 946 1.9 0.16677003749525685 1.161993329430622e-11 0.0 1.0
20900 947 1.9 0.1669886258601174 1.160975254633176e-11 0.0 1.0
21000 947 1.9 0.16683465829503258 6.829698832770705e-12 0.0 1.0
21100 948 1.9 0.16634091993357175 4.232981296838508e-12 0.0 1.0
21200 948 1.9 0.16634088178817896 2.802251262161123e-12 0.0 1.0
21300 949 1.9 0.16627097568114196 2.7137319042574036e-12 0.0 1.0
21400 949 1.9 0.16721934238293332 2.7137319042574036e-12 0.0 1.0
21500 949 1.9 0.16838071377409947 2.7137319042574036e-12 0.0 1.0
21600 951 1.9 0.16737045356843 1.1749892755692822e-12 0.0 1.0
21700 952 1.9 0.1669377945471552 9.399459156215425e-13 0.0 1.0
21800 953 1.9 0.1672296939538476 2.026329526058835e-12 0.0 1.0
21900 954 1.9 0.16757853952379864 2.3700307151581192e-12 0.0 1.0
22000 956 1.9 0.16733255710847236 2.3700307151581192e-12 0.0 1.0
22100 957 1.9 0.16715770595161922 2.026329526058835e-12 0.0 1.0
22200 958 1.9 0.1669832196520646 1.4967039265998854e-12 0.0 1.0
22300 958 1.9 0.1669832196520646 1.4967039265998854e-12 0.0 1.0
22400 958 1.9 0.1669832197012775 2.3700307151581192e-12 0.0 1.0
22500 959 1.9 0.1666897405557428 2.026329526058835e-12 0.0 1.0
22600 959 1.9 0.16701233164708154 2.8907706200648423e-12 0.0 1.0
22700 961 1.9 0.16714426430640447 5.5751919736121744e-12 0.0 1.0
22800 962 1.9 0.16801001870941237 6.2024454031914396e-12 0.0 1.0
22900 962 1.9 0.16880213891471968 6.2024454031914396e-12 0.0 1.0
23000 962 1.9 0.16910404452091468 1.161993329430622e-11 0.0 1.0
23100 962 1.9 0.16940725675844173 1.161993329430622e-11 0.0 1.0
23200 963 1.9 0.16923134060398326 1.163011404228068e-11 0.0 1.0
23300 964 1.9 0.1688729746767506 6.2024454031914396e-12 0.0 1.0
23400 965 1.9 0.16829199265610104 5.5751919736121744e-12 0.0 1.0
23500 965 1.9 0.16850341664239482 6.829698832770705e-12 0.0 1.0
23600 965 1.9 0.16951406520886111 1.160975254633176e-11 0.0 1.0
23700 965 1.9 0.16889266464808259 1.163011404228068e-11 0.0 1.0
23800 965 1.9 0.16878909002486753 1.163011404228068e-11 0.0 1.0
23900 965 1.9 0.16909997087858966 1.163011404228068e-11 0.0 1.0
24000 966 1.9 0.16913196376811243 9.219725689551232e-12 0.0 1.0
24100 966 1.9 0.16933900310558656 9.219725689551232e-12 0.0 1.0
24200 966 1.9 0.16939142979061111 1.161993329430622e-11 0.0 1.0
24300 967 1.9 0.16945138933526557 1.163011404228068e-11 0.0 1.0
24400 968 1.9 0.17088944185298985 1.876110695752725e-11 0.0 1.0
24500 969 1.9 0.17071308535984953 1.494879806738128e-11 0.0 1.0
24600 969 1.9 0.17174507710391557 2.2573415847673217e-11 0.0 1.0
24700 971 1.9 0.17180042180834948 2.2573415847673217e-11 0.0 1.0
24800 971 1.9 0.17190312567521998 2.4177051222157798e-11 0.0 1.0
24900 973 1.9 0.17154982418212406 3.22523635363451e-11 0.0 1.0
25000 973 1.9 0.17312841029875287 4.121681513702368e-11 0.0 1.0
25100 974 1.9 0.1728479958697507 3.6725219521483065e-11 0.0 1.0
25200 975 1.9 0.17305587219878205 3.22523635363451e-11 0.0 1.0
25300 975 1.9 0.1728147846435942 2.4177051222157798e-11 0.0 1.0
25400 976 1.9 0.17264970877559496 2.3375233534915506e-11 0.0 1.0
25500 977 1.9 0.17281285415007344 3.22523635363451e-11 0.0 1.0
25600 977 1.9 0.17209637513267323 2.4177051222157798e-11 0.0 1.0
25700 978 1.9 0.17220436952130502 2.821470737925145e-11 0.0 1.0
25800 978 1.9 0.17220436952139975 3.6725219521483065e-11 0.0 1.0
25900 978 1.9 0.1722052212956272 5.342108385456912e-11 0.0 1.0
26000 979 1.9 0.1720293221931802 4.1198075506621026e-11 0.0 1.0
26100 979 1.9 0.17296977896446156 7.461900541905209e-11 0.0 1.0
26200 979 1.9 0.17296977896446156 7.461900541905209e-11 0.0 1.0
26300 980 1.9 0.17177287089451723 3.6725219521483065e-11 0.0 1.0
26400 980 1.9 0.17167551284894983 2.821470737925145e-11 0.0 1.0
26500 981 1.9 0.17150051232616803 2.4177051222157798e-11 0.0 1.0
26600 981 1.9 0.17170424070429088 2.4177051222157798e-11 0.0 1.0
26700 982 1.9 0.17152938914728866 2.821470737925145e-11 0.0 1.0
26800 983 1.9 0.17135353763330072 2.2573415847673217e-11 0.0 1.0
26900 983 1.9 0.17145526703309727 2.2573415847673217e-11 0.0 1.0
27000 983 1.9 0.17145526703309727 2.2573415847673217e-11 0.0 1.0
27100 983 1.9 0.17154861523575515 2.2573415847673217e-11 0.0 1.0
27200 984 1.9 0.17176541025087755 2.3375233534915506e-11 0.0 1.0
27300 985 1.9 0.1722015058040203 3.22523635363451e-11 0.0 1.0
27400 986 1.9 0.17259394849112897 7.013154881078465e-11 0.0 1.0
27500 988 1.9 0.17254820186149533 7.630837906003052e-11 0.0 1.0
27600 988 1.9 0.17334399147773435 8.532788642323652e-11 0.0 1.0
27700 988 1.9 0.17334399147764076 7.630837906003052e-11 0.0 1.0
27800 989 1.9 0.17365934837986444 7.461900541905209e-11 0.0 1.0
27900 989 1.9 0.17489600934055077 7.461900541905209e-11 0.0 1.0
28000 989 1.9 0.17449372211601616 6.564409220251721e-11 0.0 1.0
28100 989 1.9 0.17449372211601616 6.564409220251721e-11 0.0 1.0
28200 989 1.9 0.17444948419357365 4.6686728365995284e-11 0.0 1.0
28300 989 1.9 0.17444948419357365 4.6686728365995284e-11 0.0 1.0
28400 989 1.9 0.17505454860633882 4.6686728365995284e-11 0.0 1.0
28500 991 1.9 0.1747012599017721 3.22523635363451e-11 0.0 1.0
28600 991 1.9 0.1747012599017721 3.22523635363451e-11 0.0 1.0
28700 991 1.9 0.1747012599017721 3.22523635363451e-11 0.0 1.0
28800 991 1.9 0.17478498255959032 2.4177051222157798e-11 0.0 1.0
28900 992 1.9 0.1750120618367703 3.6725219521483065e-11 0.0 1.0
29000 993 1.9 0.17567897826966516 4.1198075506621026e-11 0.0 1.0
29100 995 1.9 0.1753258555885765 4.1198075506621026e-11 0.0 1.0
29200 995 1.9 0.17522536558021012 6.564409220251721e-11 0.0 1.0
29300 995 1.9 0.1753265964083307 6.564409220251721e-11 0.0 1.0
29400 996 1.9 0.175895206639317 7.013154881078465e-11 0.0 1.0
29500 996 1.9 0.17589520664245004 7.630837906003052e-11 0.0 1.0
29600 998 1.9 0.17664095594242685 1.6038448268904322e-10 0.0 1.0
29700 1000 1.9 0.17557376887436008 7.013154881078465e-11 0.0 1.0
29800 1000 1.9 0.17662799792316314 7.630837906003052e-11 0.0 1.0
29900 1000 1.9 0.17672799772050737 1.6038448268904322e-10 0.0 1.0
30000 1000 1.9 0.17672799772050737 1.6038448268904322e-10 0.0 1.0
30100 1001 1.9 0.1765514462765052 2.427712126770775e-10 0.0 1.0
30200 1001 1.9 0.1765514462765052 2.427712126770775e-10 0.0 1.0
30300 1002 1.9 0.17637524722832507 1.6038448268904322e-10 0.0 1.0
30400 1003 1.9 0.1770970136572908 7.840480487075752e-11 0.0 1.0
30500 1003 1.9 0.1770970136572908 7.840480487075752e-11 0.0 1.0
30600 1003 1.9 0.1776879939960499 2.427712126770775e-10 0.0 1.0
30700 1003 1.9 0.17868500296913067 2.5328777366540635e-10 0.0 1.0
30800 1004 1.9 0.17850702985860364 2.4802949317124195e-10 0.0 1.0
30900 1004 1.9 0.17860603854053853 3.0633354868377905e-10 0.0 1.0
31000 1006 1.9 0.17844976411004043 3.0633354868377905e-10 0.0 1.0
31100 1006 1.9 0.17845313933513612 4.139388665821386e-10 0.0 1.0
31200 1006 1.9 0.17911862673453124 4.139388665821386e-10 0.0 1.0
31300 1006 1.9 0.17915576400096217 4.139388665821386e-10 0.0 1.0
31400 1006 1.9 0.1793545710871314 7.310908894179087e-10 0.0 1.0
31500 1007 1.9 0.179244375904773 9.936833693736919e-10 0.0 1.0
31600 1008 1.9 0.1788681410183131 1.02528218776539e-09 0.0 1.0
31700 1008 1.9 0.17919094019538967 1.3603408668287196e-09 0.0 1.0
31800 1008 1.9 0.1800893318676676 1.3603408668287196e-09 0.0 1.0
31900 1010 1.9 0.17903965040964304 1.02528218776539e-09 0.0 1.0
32000 1010 1.9 0.17937198377100386 1.1741344523395982e-09 0.0 1.0
32100 1012 1.9 0.17849108464480837 1.1741344523395982e-09 0.0 1.0
32200 1015 1.9 0.17748203855630673 9.936833693736919e-10 0.0 1.0
32300 1016 1.9 0.17820234883824804 7.310908894179087e-10 0.0 1.0
32400 1017 1.9 0.17802712490259606 3.593793237021518e-10 0.0 1.0
32500 1017 1.9 0.1779293818183654 2.5328777366540635e-10 0.0 1.0
32600 1017 1.9 0.17793205106473345 2.5328777366540635e-10 0.0 1.0
32700 1017 1.9 0.17715444305478797 2.427712126770775e-10 0.0 1.0
32800 1017 1.9 0.17715092463074159 2.427712126770775e-10 0.0 1.0
32900 1017 1.9 0.1771509246386702 2.5328777366540635e-10 0.0 1.0
33000 1018 1.9 0.17697690604865923 2.4802949317124195e-10 0.0 1.0
33100 1019 1.9 0.1784732271855427 3.593793237021518e-10 0.0 1.0
33200 1019 1.9 0.17945761781681688 4.684984094621254e-10 0.0 1.0
33300 1019 1.9 0.1799441712269084 9.936833693736919e-10 0.0 1.0
33400 1020 1.9 0.18082013788299287 4.139388665821386e-10 0.0 1.0
33500 1020 1.9 0.18082013788299287 4.139388665821386e-10 0.0 1.0
33600 1020 1.9 0.18031282722013575 2.4802949317124195e-10 0.0 1.0
33700 1020 1.9 0.18127593885539295 2.4802949317124195e-10 0.0 1.0
33800 1020 1.9 0.18138133669705261 2.4802949317124195e-10 0.0 1.0
33900 1020 1.9 0.18192347925883504 3.0633354868377905e-10 0.0 1.0
34000 1020 1.9 0.1819234792588362 3.0633354868377905e-10 0.0 1.0
34100 1022 1.9 0.18156746462232187 2.4802949317124195e-10 0.0 1.0
34200 1024 1.9 0.18277127854827105 3.0633354868377905e-10 0.0 1.0
34300 1024 1.9 0.18277126916263725 2.4802949317124195e-10 0.0 1.0
34400 1024 1.9 0.18257595693039247 2.2730328608166276e-10 0.0 1.0
34500 1024 1.9 0.18257595693039247 2.2730328608166276e-10 0.0 1.0
34600 1024 1.9 0.18335720693039326 2.4802949317124195e-10 0.0 1.0
34700 1024 1.9 0.18378163388284197 2.4802949317124195e-10 0.0 1.0
34800 1027 1.9 0.18324478392992227 2.1183535948624802e-10 0.0 1.0
34900 1028 1.9 0.18238652224027038 1.4512008217850278e-10 0.0 1.0
35000 1029 1.9 0.1826660027663433 2.1183535948624802e-10 0.0 1.0
35100 1030 1.9 0.18248865764375088 2.2730328608166276e-10 0.0 1.0
35200 1031 1.9 0.18358961940357674 2.5328777366540635e-10 0.0 1.0
35300 1031 1.9 0.18425330721137004 3.593793237021518e-10 0.0 1.0
35400 1032 1.9 0.18484991208349688 2.4802949317124195e-10 0.0 1.0
35500 1032 1.9 0.18571336258307894 2.2730328608166276e-10 0.0 1.0
35600 1032 1.9 0.18616716680777784 2.2730328608166276e-10 0.0 1.0
35700 1033 1.9 0.1861942328518289 2.427712126770775e-10 0.0 1.0
35800 1033 1.9 0.18619423285182893 2.427712126770775e-10 0.0 1.0
35900 1033 1.9 0.1857364405029793 2.427712126770775e-10 0.0 1.0
36000 1035 1.9 0.18518918454576638 2.427712126770775e-10 0.0 1.0
36100 1036 1.9 0.18501154190312089 2.2730328608166276e-10 0.0 1.0
36200 1036 1.9 0.18653534020972154 3.0633354868377905e-10 0.0 1.0
36300 1037 1.9 0.1864518850687479 3.593793237021518e-10 0.0 1.0
36400 1037 1.9 0.18654993964199182 4.684984094621254e-10 0.0 1.0
36500 1037 1.9 0.18645350762656268 4.684984094621254e-10 0.0 1.0
36600 1037 1.9 0.1870348340051655 9.936833693736919e-10 0.0 1.0
36700 1037 1.9 0.18655286116247538 4.684984094621254e-10 0.0 1.0
36800 1037 1.9 0.18655285411092204 3.593793237021518e-10 0.0 1.0
36900 1037 1.9 0.18655285411092204 3.593793237021518e-10 0.0 1.0
37000 1037 1.9 0.1872278782189259 4.684984094621254e-10 0.0 1.0
37100 1037 1.9 0.1872278782189259 4.684984094621254e-10 0.0 1.0
37200 1039 1.9 0.1874030732201551 3.593793237021518e-10 0.0 1.0
37300 1039 1.9 0.186825594875593 3.593793237021518e-10 0.0 1.0
37400 1039 1.9 0.1881608368044187 1.0568810061570882e-09 0.0 1.0
37500 1039 1.9 0.1888345162563494 1.291387898522108e-09 0.0 1.0
37600 1040 1.9 0.18894140613310204 1.3875720193484636e-09 0.0 1.0
37700 1041 1.9 0.18895202019263313 1.291387898522108e-09 0.0 1.0
37800 1041 1.9 0.18904800826412388 1.291387898522108e-09 0.0 1.0
37900 1042 1.9 0.18976912388868664 1.3875720193484636e-09 0.0 1.0
38000 1043 1.9 0.18958717841995348 1.291387898522108e-09 0.0 1.0
38100 1043 1.9 0.1902605291854629 1.483756140174819e-09 0.0 1.0
38200 1044 1.9 0.190199130919929 1.3875720193484636e-09 0.0 1.0
38300 1044 1.9 0.19029491636054202 1.879044889623689e-09 0.0 1.0
38400 1044 1.9 0.19019913668418967 1.879044889623689e-09 0.0 1.0
38500 1044 1.9 0.19019909034842353 1.3875720193484636e-09 0.0 1.0
38600 1044 1.9 0.19000322818980317 1.3875720193484636e-09 0.0 1.0
38700 1045 1.9 0.19017554584519258 1.483756140174819e-09 0.0 1.0
38800 1045 1.9 0.18998415828538398 1.483756140174819e-09 0.0 1.0
38900 1046 1.9 0.1898025290709662 1.3875720193484636e-09 0.0 1.0
39000 1047 1.9 0.19019402154754056 1.291387898522108e-09 0.0 1.0
39100 1048 1.9 0.19048963628547813 2.4602195564207325e-09 0.0 1.0
39200 1049 1.9 0.1903034043130021 2.274333639072559e-09 0.0 1.0
39300 1049 1.9 0.19042230923592904 2.274333639072559e-09 0.0 1.0
39400 1050 1.9 0.18976320983732645 2.4602195564207325e-09 0.0 1.0
39500 1050 1.9 0.19091722501509867 2.883292674133682e-09 0.0 1.0
39600 1051 1.9 0.19168692105611473 2.646105473768906e-09 0.0 1.0
39700 1051 1.9 0.19244469859248667 2.646105473768906e-09 0.0 1.0
39800 1051 1.9 0.19189412290681748 2.274333639072559e-09 0.0 1.0
39900 1052 1.9 0.19171171404473875 1.879044889623689e-09 0.0 1.0
40000 1052 1.9 0.19237529636813402 1.879044889623689e-09 0.0 1.0
40100 1054 1.9 0.1920102578551015 1.3875720193484636e-09 0.0 1.0
40200 1055 1.9 0.19201782964667294 1.483756140174819e-09 0.0 1.0
40300 1055 1.9 0.1923888649347846 1.483756140174819e-09 0.0 1.0
40400 1057 1.9 0.1920512757086495 1.483756140174819e-09 0.0 1.0
40500 1060 1.9 0.1915074906728763 1.1741344523395982e-09 0.0 1.0
40600 1060 1.9 0.19156275263448885 1.1741344523395982e-09 0.0 1.0
40700 1060 1.9 0.19156275263448885 1.1741344523395982e-09 0.0 1.0
40800 1061 1.9 0.19138226368204678 9.936833693736919e-10 0.0 1.0
40900 1061 1.9 0.19147181465081545 9.936833693736919e-10 0.0 1.0
41000 1061 1.9 0.1914718551946622 1.0568810061570882e-09 0.0 1.0
41100 1062 1.9 0.19236928959493274 1.412744682297122e-09 0.0 1.0
41200 1062 1.9 0.19181445018974513 1.412744682297122e-09 0.0 1.0
41300 1062 1.9 0.19181445018974513 1.412744682297122e-09 0.0 1.0
41400 1062 1.9 0.1918144625490697 1.879044889623689e-09 0.0 1.0
41500 1062 1.9 0.19181446216742037 1.879044889623689e-09 0.0 1.0
41600 1062 1.9 0.19181446216742037 1.879044889623689e-09 0.0 1.0
41700 1063 1.9 0.19238660284270973 1.483756140174819e-09 0.0 1.0
41800 1064 1.9 0.19230370613690295 2.4602195564207325e-09 0.0 1.0
41900 1064 1.9 0.19239778862268717 2.4602195564207325e-09 0.0 1.0
42000 1064 1.9 0.19209848104144567 1.879044889623689e-09 0.0 1.0
42100 1065 1.9 0.19215917805442007 1.3417332244194245e-09 0.0 1.0
42200 1065 1.9 0.19251649007996122 1.483756140174819e-09 0.0 1.0
42300 1065 1.9 0.19336156823675824 2.274333639072559e-09 0.0 1.0
42400 1065 1.9 0.19345532484342995 2.274333639072559e-09 0.0 1.0
42500 1065 1.9 0.19419281042123263 2.646105473768906e-09 0.0 1.0
42600 1065 1.9 0.1943574438772841 3.120479874498458e-09 0.0 1.0
42700 1066 1.9 0.1942428976446776 3.643380213381891e-09 0.0 1.0
42800 1066 1.9 0.1942428976446776 3.643380213381891e-09 0.0 1.0
42900 1066 1.9 0.1942428976446776 3.643380213381891e-09 0.0 1.0
43000 1068 1.9 0.19387914821259153 2.883292674133682e-09 0.0 1.0
43100 1069 1.9 0.19369778324700446 2.646105473768906e-09 0.0 1.0
43200 1069 1.9 0.19583618599145555 4.166280552265324e-09 0.0 1.0
43300 1069 1.9 0.19583618599145972 4.166280552265324e-09 0.0 1.0
43400 1069 1.9 0.1963974152529954 8.120645134113147e-09 0.0 1.0
43500 1071 1.9 0.1960306600424389 4.166280552265324e-09 0.0 1.0
43600 1071 1.9 0.1960306600424389 4.166280552265324e-09 0.0 1.0
43700 1073 1.9 0.19570039721879248 3.120479874498458e-09 0.0 1.0
43800 1073 1.9 0.19570039721879248 3.120479874498458e-09 0.0 1.0
43900 1073 1.9 0.19579113508757096 3.120479874498458e-09 0.0 1.0
44000 1073 1.9 0.19672305493073436 4.166280552265324e-09 0.0 1.0
44100 1073 1.9 0.19700398297545052 4.166280552265324e-09 0.0 1.0
44200 1074 1.9 0.1968489457488834 3.643380213381891e-09 0.0 1.0
44300 1074 1.9 0.19703515207990557 3.643380213381891e-09 0.0 1.0
44400 1074 1.9 0.19703515207990557 3.643380213381891e-09 0.0 1.0
44500 1075 1.9 0.1969019360412959 4.166280552265324e-09 0.0 1.0
44600 1075 1.9 0.1967636757167091 4.166280552265324e-09 0.0 1.0
44700 1076 1.9 0.19679450009697316 6.143462843189235e-09 0.0 1.0
44800 1077 1.9 0.1966117753986473 4.166280552265324e-09 0.0 1.0
44900 1078 1.9 0.19700585071501517 6.143462843189235e-09 0.0 1.0
45000 1078 1.9 0.1979334944998018 9.924368851163995e-09 0.0 1.0
45100 1078 1.9 0.1978864107341076 9.924368851163995e-09 0.0 1.0
45200 1078 1.9 0.19816470181273746 1.2592738198866533e-08 0.0 1.0
45300 1079 1.9 0.19862963578267978 1.1728092568214841e-08 0.0 1.0
45400 1080 1.9 0.19881280661837852 1.7865274770656472e-08 0.0 1.0
45500 1081 1.9 0.19849250344442787 2.227316571179472e-08 0.0 1.0
45600 1081 1.9 0.19849250344442787 2.227316571179472e-08 0.0 1.0
45700 1082 1.9 0.19789937757789103 1.7865274770656472e-08 0.0 1.0
45800 1082 1.9 0.19807561489791314 3.073341549023877e-08 0.0 1.0
45900 1082 1.9 0.19814500011811492 3.073341549023877e-08 0.0 1.0
46000 1082 1.9 0.19814500011811492 3.073341549023877e-08 0.0 1.0
46100 1083 1.9 0.19810324200258933 2.5707929473402507e-08 0.0 1.0
46200 1085 1.9 0.19914030771060415 3.833073094483553e-08 0.0 1.0
46300 1087 1.9 0.19877390420055704 3.575890150707504e-08 0.0 1.0
46400 1087 1.9 0.19929689770197895 3.575890150707504e-08 0.0 1.0
46500 1089 1.9 0.1989308795243812 2.5707929473402507e-08 0.0 1.0
46600 1089 1.9 0.1989308795243812 2.5707929473402507e-08 0.0 1.0
46700 1089 1.9 0.1989308795243812 2.5707929473402507e-08 0.0 1.0
46800 1090 1.9 0.19850738227980966 1.7865274770656472e-08 0.0 1.0
46900 1090 1.9 0.19795692356421332 1.7865274770656472e-08 0.0 1.0
47000 1090 1.9 0.19930691630480946 2.3990547592598614e-08 0.0 1.0
47100 1090 2.0 0.2000461782447944 2.3990547592598614e-08 0.0 1.0
47200 1090 2.0 0.2000461782447944 2.3990547592598614e-08 0.0 1.0
47300 1090 2.0 0.19912881618022113 1.7865274770656472e-08 0.0 1.0
47400 1091 2.0 0.19980792873249642 2.5707929473402507e-08 0.0 1.0
47500 1091 2.0 0.19980792873249642 2.5707929473402507e-08 0.0 1.0
47600 1091 2.0 0.19980676281582613 2.227316571179472e-08 0.0 1.0
47700 1091 2.0 0.200410136078492 2.227316571179472e-08 0.0 1.0
47800 1091 2.0 0.2018766805331208 2.5707929473402507e-08 0.0 1.0
47900 1091 2.0 0.20259536531509062 3.575890150707504e-08 0.0 1.0
48000 1091 2.0 0.20258819024890584 3.833073094483553e-08 0.0 1.0
48100 1091 2.0 0.20258819024890584 3.833073094483553e-08 0.0 1.0
48200 1092 2.0 0.20321316354900787 4.081330403249933e-08 0.0 1.0
48300 1092 2.0 0.20321316354900787 4.081330403249933e-08 0.0 1.0
48400 1092 2.0 0.20321316354900787 4.081330403249933e-08 0.0 1.0
48500 1093 2.0 0.203942154250244 4.11274204923108e-08 0.0 1.0
48600 1093 2.0 0.203942154250244 4.11274204923108e-08 0.0 1.0
48700 1093 2.0 0.20394215425023995 4.11274204923108e-08 0.0 1.0
48800 1094 2.0 0.20375573546207704 4.081330403249933e-08 0.0 1.0
48900 1095 2.0 0.2040262713338696 4.11274204923108e-08 0.0 1.0
49000 1095 2.0 0.20503099854879853 4.714594405596612e-08 0.0 1.0
49100 1095 2.0 0.2049411963599855 4.714594405596612e-08 0.0 1.0
49200 1096 2.0 0.2047542062173213 4.4137427410992834e-08 0.0 1.0
49300 1096 2.0 0.20502792870366066 4.4137427410992834e-08 0.0 1.0
49400 1096 2.0 0.20502792870366066 4.4137427410992834e-08 0.0 1.0
49500 1096 2.0 0.20524890590321684 4.838198660400464e-08 0.0 1.0
49600 1096 2.0 0.2050754172849793 5.02476071913885e-08 0.0 1.0
49700 1096 2.0 0.20507541282979636 4.838198660400464e-08 0.0 1.0
49800 1096 2.0 0.204817991425238 4.4137427410992834e-08 0.0 1.0
49900 1096 2.0 0.204817991425238 4.4137427410992834e-08 0.0 1.0
50000 1096 2.0 0.204817991425238 4.4137427410992834e-08 0.0 1.0
50100 1096 2.0 0.20427207212997905 4.838198660400464e-08 0.0 1.0
50200 1096 2.0 0.20427207212997905 4.838198660400464e-08 0.0 1.0
50300 1097 2.0 0.20411630088779062 4.961802915204317e-08 0.0 1.0
50400 1099 2.0 0.2043226694372532 5.0877185230733835e-08 0.0 1.0
50500 1099 2.0 0.2044136436595152 8.136982789300197e-08 0.0 1.0
50600 1100 2.0 0.20422781307437018 6.61235065618679e-08 0.0 1.0
50700 1100 2.0 0.2041369039834611 5.02476071913885e-08 0.0 1.0
50800 1100 2.0 0.20440990839069356 5.02476071913885e-08 0.0 1.0
50900 1101 2.0 0.20438470309652662 4.961802915204317e-08 0.0 1.0
51000 1101 2.0 0.20438470309652662 4.961802915204317e-08 0.0 1.0
51100 1102 2.0 0.20506613852356245 5.02476071913885e-08 0.0 1.0
51200 1102 2.0 0.20588283504883156 6.61235065618679e-08 0.0 1.0
51300 1103 2.0 0.20569617790010186 5.0877185230733835e-08 0.0 1.0
51400 1104 2.0 0.2055098588983808 5.02476071913885e-08 0.0 1.0
51500 1105 2.0 0.20532387713501835 4.961802915204317e-08 0.0 1.0
51600 1105 2.0 0.20532387713501835 4.961802915204317e-08 0.0 1.0
51700 1105 2.0 0.2053238771366234 4.961802915204317e-08 0.0 1.0
51800 1105 2.0 0.2053238771366234 4.961802915204317e-08 0.0 1.0
51900 1105 2.0 0.20575114376578185 5.0877185230733835e-08 0.0 1.0
52000 1105 2.0 0.20575114376578185 5.0877185230733835e-08 0.0 1.0
52100 1105 2.0 0.20575114376578185 5.0877185230733835e-08 0.0 1.0
52200 1105 2.0 0.20575114376578185 5.0877185230733835e-08 0.0 1.0
52300 1105 2.0 0.20575114376578185 5.0877185230733835e-08 0.0 1.0
52400 1105 2.0 0.20584164150333842 5.0877185230733835e-08 0.0 1.0
52500 1106 2.0 0.2056555279034258 5.02476071913885e-08 0.0 1.0
52600 1107 2.0 0.20546975055211286 4.961802915204317e-08 0.0 1.0
52700 1107 2.0 0.20555923366461348 5.0877185230733835e-08 0.0 1.0
52800 1107 2.0 0.20585398017604348 8.136982789300197e-08 0.0 1.0
52900 1107 2.0 0.2056733117026921 5.0877185230733835e-08 0.0 1.0
53000 1108 2.0 0.20720226495453054 8.198898202339822e-08 0.0 1.0
53100 1109 2.0 0.20701602558471877 8.136982789300197e-08 0.0 1.0
53200 1109 2.0 0.20701602558471877 8.136982789300197e-08 0.0 1.0
53300 1109 2.0 0.20701602558471877 8.136982789300197e-08 0.0 1.0
53400 1109 2.0 0.20711547839598693 8.136982789300197e-08 0.0 1.0
53500 1109 2.0 0.20756504621422012 8.260813615379449e-08 0.0 1.0
53600 1109 2.0 0.20860169874089934 8.260813615379449e-08 0.0 1.0
53700 1109 2.0 0.20902347215007636 8.260813615379449e-08 0.0 1.0
53800 1111 2.0 0.20891851091134686 8.373639776410285e-08 0.0 1.0
53900 1112 2.0 0.2087306152341686 8.198898202339822e-08 0.0 1.0
54000 1112 2.0 0.2084610059571821 7.124895623507907e-08 0.0 1.0
54100 1112 2.0 0.20864086207229 8.198898202339822e-08 0.0 1.0
54200 1112 2.0 0.20864086207229 8.198898202339822e-08 0.0 1.0
54300 1112 2.0 0.20837113687713768 7.124895623507907e-08 0.0 1.0
54400 1112 2.0 0.2083625924186459 5.6002634903945e-08 0.0 1.0
54500 1113 2.0 0.2081753842936504 4.961802915204317e-08 0.0 1.0
54600 1114 2.0 0.2079885123149308 4.838198660400464e-08 0.0 1.0
54700 1114 2.0 0.2079885123149308 4.838198660400464e-08 0.0 1.0
54800 1114 2.0 0.20825848121626198 5.537305686459967e-08 0.0 1.0
54900 1114 2.0 0.20860725604048924 5.537305686459967e-08 0.0 1.0
55000 1114 2.0 0.20860725604048924 5.537305686459967e-08 0.0 1.0
55100 1114 2.0 0.20860725604048924 5.537305686459967e-08 0.0 1.0
55200 1116 2.0 0.20819090289385261 4.838198660400464e-08 0.0 1.0
55300 1116 2.0 0.21052055745025278 7.124895623507907e-08 0.0 1.0
55400 1116 2.0 0.21052055745025577 7.124895623507907e-08 0.0 1.0
55500 1116 2.0 0.21052055745025577 7.124895623507907e-08 0.0 1.0
55600 1116 2.0 0.21052055745025577 7.124895623507907e-08 0.0 1.0
55700 1117 2.0 0.21023805826672867 6.112808457715617e-08 0.0 1.0
55800 1117 2.0 0.21023805826672867 6.112808457715617e-08 0.0 1.0
55900 1119 2.0 0.21057369497080095 6.112808457715617e-08 0.0 1.0
56000 1120 2.0 0.2106535388429346 5.537305686459967e-08 0.0 1.0
56100 1121 2.0 0.21066012948669965 6.112808457715617e-08 0.0 1.0
56200 1121 2.0 0.21091296295199166 6.112808457715617e-08 0.0 1.0
56300 1121 2.0 0.21091296295199166 6.112808457715617e-08 0.0 1.0
56400 1121 2.0 0.21057281411750492 6.112808457715617e-08 0.0 1.0
56500 1121 2.0 0.21066192100372805 8.136982789300197e-08 0.0 1.0
56600 1122 2.0 0.21025377223804712 5.537305686459967e-08 0.0 1.0
56700 1122 2.0 0.21025377223804712 5.537305686459967e-08 0.0 1.0
56800 1122 2.0 0.21025377223804712 5.537305686459967e-08 0.0 1.0
56900 1122 2.0 0.21114503783519328 7.124895623507907e-08 0.0 1.0
57000 1122 2.0 0.21099147706089236 7.124895623507907e-08 0.0 1.0
57100 1122 2.0 0.2118764090456433 5.537305686459967e-08 0.0 1.0
57200 1122 2.0 0.21187642179264507 7.124895623507907e-08 0.0 1.0
57300 1123 2.0 0.212845350763806 8.136982789300197e-08 0.0 1.0
57400 1123 2.0 0.21318994317626036 8.136982789300197e-08 0.0 1.0
57500 1123 2.0 0.21328500561403127 6.112808457715617e-08 0.0 1.0
57600 1123 2.0 0.21328500561403127 6.112808457715617e-08 0.0 1.0
57700 1123 2.0 0.21328500561403127 6.112808457715617e-08 0.0 1.0
57800 1123 2.0 0.21328500561403127 6.112808457715617e-08 0.0 1.0
57900 1123 2.0 0.21423577265033178 8.260813615379449e-08 0.0 1.0
58000 1123 2.0 0.21414862444145405 8.260813615379449e-08 0.0 1.0
58100 1123 2.0 0.21396568194510587 8.260813615379449e-08 0.0 1.0
58200 1123 2.0 0.21414249031876162 8.373639776410285e-08 0.0 1.0
58300 1123 2.0 0.21423010195355188 8.373639776410285e-08 0.0 1.0
58400 1124 2.0 0.21332789289112183 9.3232790604876e-08 0.0 1.0
58500 1124 2.0 0.21340059189285027 9.3232790604876e-08 0.0 1.0
58600 1124 2.0 0.21329546037193073 8.317226695894867e-08 0.0 1.0
58700 1124 2.0 0.214080418968252 9.3232790604876e-08 0.0 1.0
58800 1124 2.0 0.214080418968252 9.3232790604876e-08 0.0 1.0
58900 1124 2.0 0.214080418968252 9.3232790604876e-08 0.0 1.0
59000 1124 2.0 0.214080418968252 9.3232790604876e-08 0.0 1.0
59100 1124 2.0 0.21459267560592069 8.317226695894867e-08 0.0 1.0
59200 1124 2.0 0.2148595795099056 9.3232790604876e-08 0.0 1.0
59300 1124 2.0 0.2148595795099056 9.3232790604876e-08 0.0 1.0
59400 1124 2.0 0.21487822187143665 1.1212414181630089e-07 0.0 1.0
59500 1125 2.0 0.21522055234088427 1.215191001869526e-07 0.0 1.0
59600 1125 2.0 0.21522055234088683 1.215191001869526e-07 0.0 1.0
59700 1125 2.0 0.21522055234088683 1.215191001869526e-07 0.0 1.0
59800 1125 2.0 0.2153094104145591 1.0272918344564916e-07 0.0 1.0
59900 1125 2.0 0.2153094104145591 1.0272918344564916e-07 0.0 1.0
60000 1125 2.0 0.2153094104145591 1.0272918344564916e-07 0.0 1.0
60100 1126 2.0 0.21511819424189962 9.3232790604876e-08 0.0 1.0
60200 1127 2.0 0.21492731740583762 8.373639776410285e-08 0.0 1.0
60300 1128 2.0 0.21473677900388208 8.317226695894867e-08 0.0 1.0
60400 1128 2.0 0.21463896777308836 8.198898202339822e-08 0.0 1.0
60500 1128 2.0 0.21463896777308836 8.198898202339822e-08 0.0 1.0
60600 1129 2.0 0.2144467151603991 6.112808457715617e-08 0.0 1.0
60700 1130 2.0 0.21425693930627485 5.537305686459967e-08 0.0 1.0
60800 1130 2.0 0.21385500377560096 4.838198660400464e-08 0.0 1.0
60900 1130 2.0 0.21463294119622472 5.537305686459967e-08 0.0 1.0
61000 1130 2.0 0.21495147459101727 4.838198660400464e-08 0.0 1.0
61100 1130 2.0 0.2149514750175063 5.537305686459967e-08 0.0 1.0
61200 1131 2.0 0.21484223963073 4.961802915204317e-08 0.0 1.0
61300 1131 2.0 0.2146664180023443 4.112891076601955e-08 0.0 1.0
61400 1132 2.0 0.21527189799809943 4.4137427410992834e-08 0.0 1.0
61500 1132 2.0 0.21553692245834608 4.4137427410992834e-08 0.0 1.0
61600 1132 2.0 0.21712755085378888 4.838198660400464e-08 0.0 1.0
61700 1132 2.0 0.21712755085378888 4.838198660400464e-08 0.0 1.0
61800 1132 2.0 0.21712755085378888 4.838198660400464e-08 0.0 1.0
61900 1133 2.0 0.21653863614661592 4.961802915204317e-08 0.0 1.0
62000 1133 2.0 0.21671591169152277 4.961802915204317e-08 0.0 1.0
62100 1133 2.0 0.21680539531357965 4.961802915204317e-08 0.0 1.0
62200 1133 2.0 0.21680539531357965 4.961802915204317e-08 0.0 1.0
62300 1133 2.0 0.21768800784667763 6.112808457715617e-08 0.0 1.0
62400 1133 2.0 0.21768800784667763 6.112808457715617e-08 0.0 1.0
62500 1134 2.0 0.2178487767989797 7.124895623507907e-08 0.0 1.0
62600 1134 2.0 0.2178673066846362 8.198898202339822e-08 0.0 1.0
62700 1135 2.0 0.2176753531104647 8.136982789300197e-08 0.0 1.0
62800 1135 2.0 0.2176755215703615 8.136982789300197e-08 0.0 1.0
62900 1135 2.0 0.2176755215703615 8.136982789300197e-08 0.0 1.0
63000 1135 2.0 0.21758884980102153 8.136982789300197e-08 0.0 1.0
63100 1135 2.0 0.21758884980102153 8.136982789300197e-08 0.0 1.0
63200 1135 2.0 0.21688400673131078 6.112808457715617e-08 0.0 1.0
63300 1135 2.0 0.2160909014047794 4.961802915204317e-08 0.0 1.0
63400 1137 2.0 0.21579874502587917 4.961802915204317e-08 0.0 1.0
63500 1137 2.0 0.21579874502587917 4.961802915204317e-08 0.0 1.0
63600 1137 2.0 0.2151910573995865 4.112891076601955e-08 0.0 1.0
63700 1138 2.0 0.21496705409211544 4.1128165629165173e-08 0.0 1.0
63800 1138 2.0 0.21496705409211544 4.1128165629165173e-08 0.0 1.0
63900 1138 2.0 0.21444028585861147 4.081330403249933e-08 0.0 1.0
64000 1138 2.0 0.21444028585861147 4.081330403249933e-08 0.0 1.0
64100 1138 2.0 0.21444028585861147 4.081330403249933e-08 0.0 1.0
64200 1138 2.0 0.21540009329393375 4.1128165629165173e-08 0.0 1.0
64300 1138 2.0 0.21614281866958912 4.4137427410992834e-08 0.0 1.0
64400 1138 2.0 0.21685084405266108 4.4137427410992834e-08 0.0 1.0
64500 1138 2.0 0.21720196046763102 4.4137427410992834e-08 0.0 1.0
64600 1138 2.0 0.21694129591627126 4.1128165629165173e-08 0.0 1.0
64700 1138 2.0 0.21694590534599273 4.4137427410992834e-08 0.0 1.0
64800 1138 2.0 0.21694590534599273 4.4137427410992834e-08 0.0 1.0
64900 1139 2.0 0.21605306434042118 4.11274204923108e-08 0.0 1.0
65000 1139 2.0 0.21605306434042118 4.11274204923108e-08 0.0 1.0
65100 1139 2.0 0.2160530644541843 4.112891076601955e-08 0.0 1.0
65200 1140 2.0 0.21568823647359647 4.1128165629165173e-08 0.0 1.0
65300 1140 2.0 0.21630756622920005 4.4137427410992834e-08 0.0 1.0
65400 1141 2.0 0.21611798904582652 4.112891076601955e-08 0.0 1.0
65500 1141 2.0 0.21611798904582652 4.112891076601955e-08 0.0 1.0
65600 1141 2.0 0.21611798904582652 4.112891076601955e-08 0.0 1.0
65700 1141 2.0 0.21611798904582652 4.112891076601955e-08 0.0 1.0
65800 1141 2.0 0.21744135253347943 4.714594405596612e-08 0.0 1.0
65900 1141 2.0 0.21744135253347943 4.714594405596612e-08 0.0 1.0
66000 1141 2.0 0.21743675522320507 4.112891076601955e-08 0.0 1.0
66100 1141 2.0 0.21743691153470046 4.714594405596612e-08 0.0 1.0
66200 1141 2.0 0.21743691153470046 4.714594405596612e-08 0.0 1.0
66300 1141 2.0 0.21748177735846685 4.714594405596612e-08 0.0 1.0
66400 1141 2.0 0.21812119711286615 4.112891076601955e-08 0.0 1.0
66500 1141 2.0 0.21812119711286615 4.112891076601955e-08 0.0 1.0
66600 1142 2.0 0.21810525253628674 4.1128165629165173e-08 0.0 1.0
66700 1142 2.0 0.21810525253628674 4.1128165629165173e-08 0.0 1.0
66800 1142 2.0 0.21810525253628674 4.1128165629165173e-08 0.0 1.0
66900 1142 2.0 0.21810525253628674 4.1128165629165173e-08 0.0 1.0
67000 1142 2.0 0.21810525253628674 4.1128165629165173e-08 0.0 1.0
67100 1142 2.0 0.21844564914838643 4.838198660400464e-08 0.0 1.0
67200 1142 2.0 0.21922494299683326 5.537305686459967e-08 0.0 1.0
67300 1142 2.0 0.21922494299683326 5.537305686459967e-08 0.0 1.0
67400 1142 2.0 0.21922494299683326 5.537305686459967e-08 0.0 1.0
67500 1142 2.0 0.21922494299683326 5.537305686459967e-08 0.0 1.0
67600 1143 2.0 0.21903314514644234 4.961802915204317e-08 0.0 1.0
67700 1144 2.0 0.21805496618771256 4.4137427410992834e-08 0.0 1.0
67800 1145 2.0 0.217864525169208 4.112891076601955e-08 0.0 1.0
67900 1146 2.0 0.21785364182454897 4.1128165629165173e-08 0.0 1.0
68000 1146 2.0 0.21785369784500672 4.1128165629165173e-08 0.0 1.0
68100 1146 2.0 0.2179409479876316 4.4137427410992834e-08 0.0 1.0
68200 1146 2.0 0.2179409479876316 4.4137427410992834e-08 0.0 1.0
68300 1146 2.0 0.21794160855096315 4.838198660400464e-08 0.0 1.0
68400 1146 2.0 0.21851176806837294 5.537305686459967e-08 0.0 1.0
68500 1146 2.0 0.21912390047644076 7.124895623507907e-08 0.0 1.0
68600 1146 2.0 0.22008376086038492 8.198898202339822e-08 0.0 1.0
68700 1146 2.0 0.22008376086038492 8.198898202339822e-08 0.0 1.0
68800 1147 2.0 0.21990544861351857 8.136982789300197e-08 0.0 1.0
68900 1148 2.0 0.2207486663326719 9.181130410864822e-08 0.0 1.0
69000 1149 2.0 0.22055654906589967 9.988621045319358e-08 0.0 1.0
69100 1149 2.0 0.22055654906589967 9.988621045319358e-08 0.0 1.0
69200 1149 2.0 0.2209046778735585 1.215191001869526e-07 0.0 1.0
69300 1149 2.0 0.2209046778735585 1.215191001869526e-07 0.0 1.0
69400 1149 2.0 0.2209046778735585 1.215191001869526e-07 0.0 1.0
69500 1149 2.0 0.22138429385915254 2.1471482796187048e-07 0.0 1.0
69600 1149 2.0 0.22147308976717492 2.1471482796187048e-07 0.0 1.0
69700 1149 2.0 0.22238432003629746 2.1471482796187048e-07 0.0 1.0
69800 1149 2.0 0.22238432003629746 2.1471482796187048e-07 0.0 1.0
69900 1149 2.0 0.22185933669499897 2.1471482796187048e-07 0.0 1.0
70000 1149 2.0 0.22185933669499897 2.1471482796187048e-07 0.0 1.0
70100 1149 2.0 0.22185933669499897 2.1471482796187048e-07 0.0 1.0
70200 1149 2.0 0.22185933669499897 2.1471482796187048e-07 0.0 1.0
70300 1150 2.0 0.22175337204408768 2.4928172958537864e-07 0.0 1.0
70400 1150 2.0 0.22175376723140572 3.113721484362362e-07 0.0 1.0
70500 1150 2.0 0.22175376723139562 3.113721484362362e-07 0.0 1.0
70600 1150 2.0 0.22175376723139562 3.113721484362362e-07 0.0 1.0
70700 1150 2.0 0.2210953557736621 3.113721484362362e-07 0.0 1.0
70800 1150 2.0 0.22086849858983795 2.4928172958537864e-07 0.0 1.0
70900 1150 2.0 0.22086849858983795 2.4928172958537864e-07 0.0 1.0
71000 1150 2.0 0.22086849858983795 2.4928172958537864e-07 0.0 1.0
71100 1150 2.0 0.22200408341958036 3.113721484362362e-07 0.0 1.0
71200 1150 2.0 0.22209103542883168 3.113721484362362e-07 0.0 1.0
71300 1150 2.0 0.2236464931929879 5.042336577634738e-07 0.0 1.0
71400 1150 2.0 0.22382040111564971 5.39387441749896e-07 0.0 1.0
71500 1150 2.0 0.22355879016189395 6.273210345505054e-07 0.0 1.0
71600 1150 2.0 0.22355879016189395 6.273210345505054e-07 0.0 1.0
71700 1150 2.0 0.22442835537927872 8.81724997898253e-07 0.0 1.0
71800 1150 2.0 0.22442835537927872 8.81724997898253e-07 0.0 1.0
71900 1150 2.0 0.22442835537927872 8.81724997898253e-07 0.0 1.0
72000 1150 2.0 0.22355879016188743 6.273210345505054e-07 0.0 1.0
72100 1150 2.0 0.22346851239359614 5.39387441749896e-07 0.0 1.0
72200 1151 2.0 0.22327436077553048 5.265347085709578e-07 0.0 1.0
72300 1151 2.0 0.22327436132838743 5.522401749288343e-07 0.0 1.0
72400 1151 2.0 0.22414317105903686 6.363383818097646e-07 0.0 1.0
72500 1151 2.0 0.22414317105903686 6.363383818097646e-07 0.0 1.0
72600 1151 2.0 0.22414317105903686 6.363383818097646e-07 0.0 1.0
72700 1151 2.0 0.22423367957702503 1.0610481016243295e-06 0.0 1.0
72800 1151 2.0 0.22397303665782436 7.024018941721765e-07 0.0 1.0
72900 1151 2.0 0.22397303665782436 7.024018941721765e-07 0.0 1.0
73000 1151 2.0 0.22397303665782436 7.024018941721765e-07 0.0 1.0
73100 1151 2.0 0.22397303665782436 7.024018941721765e-07 0.0 1.0
73200 1151 2.0 0.22390576534725248 7.024018941721765e-07 0.0 1.0
73300 1151 2.0 0.22390576534725248 7.024018941721765e-07 0.0 1.0
73400 1151 2.0 0.22390576534725248 7.024018941721765e-07 0.0 1.0
73500 1151 2.0 0.22390576534725248 7.024018941721765e-07 0.0 1.0
73600 1152 2.0 0.2237114027037219 6.693701379909706e-07 0.0 1.0
73700 1152 2.0 0.2237114027037219 6.693701379909706e-07 0.0 1.0
73800 1152 2.0 0.22431904159261074 6.693701379909706e-07 0.0 1.0
73900 1152 2.0 0.22420578237294275 6.693701379909706e-07 0.0 1.0
74000 1152 2.0 0.22420578237294275 6.693701379909706e-07 0.0 1.0
74100 1152 2.0 0.22420578237294275 6.693701379909706e-07 0.0 1.0
74200 1153 2.0 0.22409920939809533 6.363383818097646e-07 0.0 1.0
74300 1153 2.0 0.2241846560072805 6.363383818097646e-07 0.0 1.0
74400 1153 2.0 0.22453157707239677 7.024018941721765e-07 0.0 1.0
74500 1154 2.0 0.2245102930405203 1.264425839219985e-06 0.0 1.0
74600 1154 2.0 0.2245102930405203 1.264425839219985e-06 0.0 1.0
74700 1154 2.0 0.22516743750015505 1.507874503658968e-06 0.0 1.0
74800 1154 2.0 0.22516743750015505 1.507874503658968e-06 0.0 1.0
74900 1154 2.0 0.22516743750015505 1.507874503658968e-06 0.0 1.0
75000 1154 2.0 0.22565183239421824 1.264425839219985e-06 0.0 1.0
75100 1154 2.0 0.22584874086259066 1.264425839219985e-06 0.0 1.0
75200 1154 2.0 0.22743972546283572 1.507874503658968e-06 0.0 1.0
75300 1154 2.0 0.22743972546283572 1.507874503658968e-06 0.0 1.0
75400 1154 2.0 0.2273530703605142 1.264425839219985e-06 0.0 1.0
75500 1154 2.0 0.22847958682498554 1.507874503658968e-06 0.0 1.0
75600 1154 2.0 0.22902241363876863 1.712082764622193e-06 0.0 1.0
75700 1155 2.0 0.2287536320598875 1.5479454305022955e-06 0.0 1.0
75800 1155 2.0 0.22901373437010944 1.5479454305022955e-06 0.0 1.0
75900 1155 2.0 0.22893965280473189 1.4678035768156406e-06 0.0 1.0
76000 1155 2.0 0.2295249273978705 1.5479454305022955e-06 0.0 1.0
76100 1156 2.0 0.22932637642261283 1.507874503658968e-06 0.0 1.0
76200 1156 2.0 0.22932637642261283 1.507874503658968e-06 0.0 1.0
76300 1156 2.0 0.2287208400904329 1.507874503658968e-06 0.0 1.0
76400 1157 2.0 0.22852315569968923 1.4678035768156406e-06 0.0 1.0
76500 1157 2.0 0.22783972911942535 1.0610481016243295e-06 0.0 1.0
76600 1157 2.0 0.22783972911942535 1.0610481016243295e-06 0.0 1.0
76700 1157 2.0 0.22783972911942535 1.0610481016243295e-06 0.0 1.0
76800 1158 2.0 0.2277293959478895 1.264425839219985e-06 0.0 1.0
76900 1158 2.0 0.2277293959478895 1.264425839219985e-06 0.0 1.0
77000 1158 2.0 0.2283381531171614 1.264425839219985e-06 0.0 1.0
77100 1158 2.0 0.22833811520824354 8.81724997898253e-07 0.0 1.0
77200 1158 2.0 0.22833811520824354 8.81724997898253e-07 0.0 1.0
77300 1159 2.0 0.22822752994041162 7.024018941721765e-07 0.0 1.0
77400 1160 2.0 0.22803078206977334 6.273210345505054e-07 0.0 1.0
77500 1160 2.0 0.22828940335577336 8.81724997898253e-07 0.0 1.0
77600 1160 2.0 0.22828940335577336 8.81724997898253e-07 0.0 1.0
77700 1160 2.0 0.22828940335577336 8.81724997898253e-07 0.0 1.0
77800 1161 2.0 0.2277471414284743 5.522401749288343e-07 0.0 1.0
77900 1161 2.0 0.2277471414294305 5.522401749288343e-07 0.0 1.0
78000 1161 2.0 0.2277471414294305 5.522401749288343e-07 0.0 1.0
78100 1161 2.0 0.2286951616792744 7.024018941721765e-07 0.0 1.0
78200 1161 2.0 0.2286951616792744 7.024018941721765e-07 0.0 1.0
78300 1161 2.0 0.2286951616792744 7.024018941721765e-07 0.0 1.0
78400 1161 2.0 0.2291254599826206 7.024018941721765e-07 0.0 1.0
78500 1161 2.0 0.2291254599826206 7.024018941721765e-07 0.0 1.0
78600 1161 2.0 0.22912116060973792 5.522401749288343e-07 0.0 1.0
78700 1161 2.0 0.23024085884539988 1.5479454305022955e-06 0.0 1.0
78800 1162 2.0 0.23030089252969813 1.712082764622193e-06 0.0 1.0
78900 1162 2.0 0.23081668910669023 1.9051367383881396e-06 0.0 1.0
79000 1162 2.0 0.23133180846149987 1.9051367383881396e-06 0.0 1.0
79100 1162 2.0 0.23133180846149987 1.9051367383881396e-06 0.0 1.0
79200 1162 2.0 0.23133180846149987 1.9051367383881396e-06 0.0 1.0
79300 1162 2.0 0.23210452359796985 2.0418943706893065e-06 0.0 1.0
79400 1163 2.0 0.23199093415377556 2.149735363344424e-06 0.0 1.0
79500 1163 2.0 0.23233487224491914 2.7705676848639858e-06 0.0 1.0
79600 1163 2.0 0.23345267104113587 2.95209891272217e-06 0.0 1.0
79700 1163 2.0 0.23345267104113587 2.95209891272217e-06 0.0 1.0
79800 1163 2.0 0.23345267113361026 2.95209891272217e-06 0.0 1.0
79900 1163 2.0 0.23413706753728455 2.95209891272217e-06 0.0 1.0
80000 1163 2.0 0.23413706753728455 2.95209891272217e-06 0.0 1.0
80100 1163 2.0 0.23413706753728455 2.95209891272217e-06 0.0 1.0
80200 1163 2.0 0.23413706753728455 2.95209891272217e-06 0.0 1.0
80300 1163 2.0 0.2341636962418459 5.926811354584061e-06 0.0 1.0
80400 1163 2.0 0.23537787029746066 6.005967225064524e-06 0.0 1.0
80500 1163 2.0 0.23537787029746066 6.005967225064524e-06 0.0 1.0
80600 1163 2.0 0.23537787029746066 6.005967225064524e-06 0.0 1.0
80700 1163 2.0 0.23589364725209677 5.926811354584061e-06 0.0 1.0
80800 1163 2.0 0.23589364725209677 5.926811354584061e-06 0.0 1.0
80900 1163 2.0 0.23658152343438396 5.926811354584061e-06 0.0 1.0
81000 1163 2.0 0.23658152343438396 5.926811354584061e-06 0.0 1.0
81100 1163 2.0 0.23658152343438396 5.926811354584061e-06 0.0 1.0
81200 1163 2.0 0.2364955389115981 2.95209891272217e-06 0.0 1.0
81300 1163 2.0 0.2364955389115981 2.95209891272217e-06 0.0 1.0
81400 1163 2.0 0.2364955389115981 2.95209891272217e-06 0.0 1.0
81500 1163 2.0 0.23649552707621616 2.7705676848639858e-06 0.0 1.0
81600 1163 2.0 0.23649552707621616 2.7705676848639858e-06 0.0 1.0
81700 1163 2.0 0.23649552707621616 2.7705676848639858e-06 0.0 1.0
81800 1163 2.0 0.23649552707621616 2.7705676848639858e-06 0.0 1.0
81900 1163 2.0 0.23649552707621616 2.7705676848639858e-06 0.0 1.0
82000 1163 2.0 0.23649552707621616 2.7705676848639858e-06 0.0 1.0
82100 1163 2.0 0.23649552707621616 2.7705676848639858e-06 0.0 1.0
82200 1163 2.0 0.237613330550568 5.926811354584061e-06 0.0 1.0
82300 1163 2.0 0.237613330550568 5.926811354584061e-06 0.0 1.0
82400 1164 2.0 0.23784294840454326 4.439455133653115e-06 0.0 1.0
82500 1164 2.0 0.237757040519707 3.0870747638436004e-06 0.0 1.0
82600 1164 2.0 0.237757040519707 3.0870747638436004e-06 0.0 1.0
82700 1164 2.0 0.237757040519707 3.0870747638436004e-06 0.0 1.0
82800 1164 2.0 0.237757040519707 3.0870747638436004e-06 0.0 1.0
82900 1164 2.0 0.23758378865800006 3.0870747638436004e-06 0.0 1.0
83000 1165 2.0 0.23742454955795486 3.2220506149650312e-06 0.0 1.0
83100 1165 2.0 0.2373387126480836 2.95209891272217e-06 0.0 1.0
83200 1165 2.0 0.2373387126480836 2.95209891272217e-06 0.0 1.0
83300 1165 2.0 0.2374032348909367 2.95209891272217e-06 0.0 1.0
83400 1165 2.0 0.23723156107119417 2.95209891272217e-06 0.0 1.0
83500 1165 2.0 0.2372315644144934 3.2220506149650312e-06 0.0 1.0
83600 1165 2.0 0.2372315644144934 3.2220506149650312e-06 0.0 1.0
83700 1165 2.0 0.2372315644144934 3.2220506149650312e-06 0.0 1.0
83800 1165 2.0 0.2372315644144934 3.2220506149650312e-06 0.0 1.0
83900 1166 2.0 0.23702845909553297 3.5584970979350272e-06 0.0 1.0
84000 1166 2.0 0.23736509885445023 4.910877467744542e-06 0.0 1.0
84100 1166 2.0 0.23736509885445028 4.910877467744542e-06 0.0 1.0
84200 1166 2.0 0.23736509885445028 4.910877467744542e-06 0.0 1.0
84300 1166 2.0 0.23753647393936844 5.966389289824292e-06 0.0 1.0
84400 1167 2.0 0.23690337340002182 5.926811354584061e-06 0.0 1.0
84500 1167 2.0 0.23690337340002182 5.926811354584061e-06 0.0 1.0
84600 1167 2.0 0.2377664940560637 6.005967225064524e-06 0.0 1.0
84700 1167 2.0 0.23802356345483092 7.623172859894112e-06 0.0 1.0
84800 1167 2.0 0.23767817566648866 8.032421195110565e-06 0.0 1.0
84900 1167 2.0 0.23767817566648866 8.032421195110565e-06 0.0 1.0
85000 1168 2.0 0.23764598483081192 7.827797027502338e-06 0.0 1.0
85100 1168 2.0 0.23850214921437357 8.911786184810124e-06 0.0 1.0
85200 1168 2.0 0.23850214921437357 8.911786184810124e-06 0.0 1.0
85300 1168 2.0 0.23873026354330332 7.827797027502338e-06 0.0 1.0
85400 1168 2.0 0.2383020894960144 8.911786184810124e-06 0.0 1.0
85500 1168 2.0 0.2383020894960144 8.911786184810124e-06 0.0 1.0
85600 1168 2.0 0.2383020894960144 8.911786184810124e-06 0.0 1.0
85700 1168 2.0 0.23753154155080894 8.911786184810124e-06 0.0 1.0
85800 1168 2.0 0.23753154155080894 8.911786184810124e-06 0.0 1.0
85900 1168 2.0 0.23787400730423358 1.1458488655309089e-05 0.0 1.0
86000 1168 2.0 0.23830206013766494 1.3156650702884425e-05 0.0 1.0
86100 1168 2.0 0.23830206013766494 1.3156650702884425e-05 0.0 1.0
86200 1168 2.0 0.23830204789310974 1.1458488655309089e-05 0.0 1.0
86300 1168 2.0 0.23830204789310974 1.1458488655309089e-05 0.0 1.0
86400 1168 2.0 0.23830204789310974 1.1458488655309089e-05 0.0 1.0
86500 1168 2.0 0.2383131173419021 1.3156650702884425e-05 0.0 1.0
86600 1168 2.0 0.2383131173419021 1.3156650702884425e-05 0.0 1.0
86700 1168 2.0 0.2383131173419021 1.3156650702884425e-05 0.0 1.0
86800 1168 2.0 0.23873013092180503 1.1458488655309089e-05 0.0 1.0
86900 1168 2.0 0.23873013092180503 1.1458488655309089e-05 0.0 1.0
87000 1168 2.0 0.23873013092180503 1.1458488655309089e-05 0.0 1.0
87100 1168 2.0 0.2389013637985173 1.1458488655309089e-05 0.0 1.0
87200 1168 2.0 0.2389013637985173 1.1458488655309089e-05 0.0 1.0
87300 1168 2.0 0.2389013637985173 1.1458488655309089e-05 0.0 1.0
87400 1168 2.0 0.23890159109642747 1.3156650702884425e-05 0.0 1.0
87500 1168 2.0 0.23890159109642747 1.3156650702884425e-05 0.0 1.0
87600 1168 2.0 0.23856676167773563 1.1458488655309089e-05 0.0 1.0
87700 1169 2.0 0.23851996901869268 1.3187475269660354e-05 0.0 1.0
87800 1169 2.0 0.23957908406914535 1.3187475269660354e-05 0.0 1.0
87900 1169 2.0 0.23946436949950908 9.791151174509683e-06 0.0 1.0
88000 1169 2.0 0.2403198015561591 1.3125826136108494e-05 0.0 1.0
88100 1169 2.0 0.2403198015561591 1.3125826136108494e-05 0.0 1.0
88200 1169 2.0 0.2403198015561591 1.3125826136108494e-05 0.0 1.0
88300 1169 2.0 0.24040534333801838 1.3187475269660354e-05 0.0 1.0
88400 1169 2.0 0.24040534333456906 1.3187475269660354e-05 0.0 1.0
88500 1169 2.0 0.24040534333456906 1.3187475269660354e-05 0.0 1.0
88600 1169 2.0 0.23963545454072815 1.3125826136108494e-05 0.0 1.0
88700 1169 2.0 0.24057280350017363 1.42095290357247e-05 0.0 1.0
88800 1169 2.0 0.2405728196144835 1.883716613519937e-05 0.0 1.0
88900 1169 2.0 0.24058689962482227 2.4515673089114557e-05 0.0 1.0
89000 1170 2.0 0.24029582815156858 1.6523347585462034e-05 0.0 1.0
89100 1170 2.0 0.24029582631418792 1.6523347585462034e-05 0.0 1.0
89200 1170 2.0 0.24042153140365358 2.1676419612156965e-05 0.0 1.0
89300 1170 2.0 0.24110886298315454 3.376634723473973e-05 0.0 1.0
89400 1170 2.0 0.24110886298315454 3.376634723473973e-05 0.0 1.0
89500 1170 2.0 0.24256185444443346 4.3398194386391065e-05 0.0 1.0
89600 1170 2.0 0.24256185444443346 4.3398194386391065e-05 0.0 1.0
89700 1170 2.0 0.24246935353770926 4.7681132127763706e-05 0.0 1.0
89800 1170 2.0 0.2420091956056763 4.3398194386391065e-05 0.0 1.0
89900 1170 2.0 0.24210917993970102 4.7681132127763706e-05 0.0 1.0
90000 1170 2.0 0.24210917993970102 4.7681132127763706e-05 0.0 1.0
90100 1170 2.0 0.24210962956900056 5.605658472781243e-05 0.0 1.0
90200 1171 2.0 0.24190287497500484 5.1830348093062645e-05 0.0 1.0
90300 1171 2.0 0.24207302651479395 5.1830348093062645e-05 0.0 1.0
90400 1171 2.0 0.2418797862174814 5.1830348093062645e-05 0.0 1.0
90500 1171 2.0 0.24123582508714492 4.353191616246477e-05 0.0 1.0
90600 1172 2.0 0.241030030475491 4.403607242120522e-05 0.0 1.0
90700 1172 2.0 0.2413073029932616 4.403607242120522e-05 0.0 1.0
90800 1172 2.0 0.2413073029932616 4.403607242120522e-05 0.0 1.0
90900 1172 2.0 0.24224586940375967 5.605658472781243e-05 0.0 1.0
91000 1172 2.0 0.24309911172457876 6.792343515047176e-05 0.0 1.0
91100 1173 2.0 0.24289186610503521 6.028282136256221e-05 0.0 1.0
91200 1173 2.0 0.24297688526170708 6.028282136256221e-05 0.0 1.0
91300 1173 2.0 0.24297688526170708 6.028282136256221e-05 0.0 1.0
91400 1173 2.0 0.24297688526170708 6.028282136256221e-05 0.0 1.0
91500 1173 2.0 0.24306213675360816 6.028282136256221e-05 0.0 1.0
91600 1173 2.0 0.2422114186565352 4.454022867994567e-05 0.0 1.0
91700 1174 2.0 0.2416676618595149 4.403607242120522e-05 0.0 1.0
91800 1174 2.0 0.24081867761800185 4.403607242120522e-05 0.0 1.0
91900 1174 2.0 0.24081867761800185 4.403607242120522e-05 0.0 1.0
92000 1174 2.0 0.24081867761800185 4.403607242120522e-05 0.0 1.0
92100 1174 2.0 0.24081867761800185 4.403607242120522e-05 0.0 1.0
92200 1174 2.0 0.24081867761800185 4.403607242120522e-05 0.0 1.0
92300 1174 2.0 0.24081867761800185 4.403607242120522e-05 0.0 1.0
92400 1174 2.0 0.24081867761800185 4.403607242120522e-05 0.0 1.0
92500 1174 2.0 0.2407335025501555 4.3398194386391065e-05 0.0 1.0
92600 1174 2.0 0.24073748202330114 4.3398194386391065e-05 0.0 1.0
92700 1174 2.0 0.24073748202330114 4.3398194386391065e-05 0.0 1.0
92800 1174 2.0 0.24073748202330114 4.3398194386391065e-05 0.0 1.0
92900 1174 2.0 0.2409930186502177 4.403607242120522e-05 0.0 1.0
93000 1174 2.0 0.2409930186502177 4.403607242120522e-05 0.0 1.0
93100 1174 2.0 0.2409930186497956 4.403607242120522e-05 0.0 1.0
93200 1174 2.0 0.24082970065103237 4.403607242120522e-05 0.0 1.0
93300 1174 2.0 0.24048898705745023 4.3398194386391065e-05 0.0 1.0
93400 1174 2.0 0.24091752138877048 4.3398194386391065e-05 0.0 1.0
93500 1174 2.0 0.24091752138877048 4.3398194386391065e-05 0.0 1.0
93600 1174 2.0 0.24091752138877048 4.3398194386391065e-05 0.0 1.0
93700 1174 2.0 0.24100270026440934 4.403607242120522e-05 0.0 1.0
93800 1175 2.0 0.24003163421768903 4.353191616246477e-05 0.0 1.0
.1359014933987056e-06 0.0 1.0
92000 1125 2.0 0.21828379733461745 9.283903077945445e-07 0.0 1.0
92100 1125 2.0 0.21828379733461745 9.283903077945445e-07 0.0 1.0
92200 1126 2.0 0.2181756512125545 1.0321459005966251e-06 0.0 1.0
92300 1126 2.0 0.2181756512125545 1.0321459005966251e-06 0.0 1.0
92400 1126 2.0 0.21841014083451407 1.5275783397360364e-06 0.0 1.0
92500 1126 2.0 0.21841014083451407 1.5275783397360364e-06 0.0 1.0
92600 1126 2.0 0.21867570939812614 1.5275783397360364e-06 0.0 1.0
92700 1126 2.0 0.21867570939812614 1.5275783397360364e-06 0.0 1.0
92800 1126 2.0 0.21876454269969742 1.5275783397360364e-06 0.0 1.0
92900 1126 2.0 0.21876454269969742 1.5275783397360364e-06 0.0 1.0
93000 1126 2.0 0.2183362050607618 1.0321459005966251e-06 0.0 1.0
93100 1126 2.0 0.21826748970310839 1.0321459005966251e-06 0.0 1.0
93200 1127 2.0 0.2180738184611358 9.283903077945445e-07 0.0 1.0
93300 1127 2.0 0.2180738184611358 9.283903077945445e-07 0.0 1.0
93400 1127 2.0 0.2186869730517715 8.550591649594618e-07 0.0 1.0
93500 1127 2.0 0.2186869730517715 8.550591649594618e-07 0.0 1.0
93600 1127 2.0 0.2186869730517715 8.550591649594618e-07 0.0 1.0
93700 1127 2.0 0.2184207967214164 5.295161702337443e-07 0.0 1.0
93800 1127 2.0 0.2184207967214164 5.295161702337443e-07 0.0 1.0
93900 1127 2.0 0.2184207967214164 5.295161702337443e-07 0.0 1.0
668210929767745 1.1941646107516136e-07 0.0 1.0
80700 918 1.7999987602233887 0.1864787518802953 1.0236636343764318e-07 0.0 1.0
80800 919 1.7999987602233887 0.18647481342720248 1.1941646107516136e-07 0.0 1.0
80900 919 1.7999987602233887 0.18659804511696973 2.6884811177296797e-07 0.0 1.0
81000 919 1.7999987602233887 0.18659804511696973 2.6884811177296797e-07 0.0 1.0
81100 919 1.7999987602233887 0.18659804511696973 2.6884811177296797e-07 0.0 1.0
81200 919 1.7999987602233887 0.18659804511696973 2.6884811177296797e-07 0.0 1.0
81300 920 1.7999987602233887 0.18737348242394697 2.786807256918711e-07 0.0 1.0
81400 920 1.7999987602233887 0.18737348242394697 2.786807256918711e-07 0.0 1.0
81500 920 1.7999987602233887 0.18737348242394697 2.786807256918711e-07 0.0 1.0
81600 920 1.7999987602233887 0.18737348242394697 2.786807256918711e-07 0.0 1.0
81700 920 1.7999987602233887 0.18737348242394697 2.786807256918711e-07 0.0 1.0
81800 920 1.7999987602233887 0.18668353018001765 1.5875936405306709e-07 0.0 1.0
81900 920 1.7999987602233887 0.18668353018001765 1.5875936405306709e-07 0.0 1.0
82000 920 1.7999987602233887 0.18668353018001765 1.5875936405306709e-07 0.0 1.0
82100 920 1.7999987602233887 0.18668353018001765 1.5875936405306709e-07 0.0 1.0
82200 921 1.7999987602233887 0.18756439640793018 2.6884811177296797e-07 0.0 1.0
82300 921 1.7999987602233887 0.1872393842908459 2.6884811177296797e-07 0.0 1.0
82400 921 1.7999987602233887 0.1872393842908459 2.6884811177296797e-07 0.0 1.0
82500 922 1.7999987602233887 0.18703630477292293 2.334751894019704e-07 0.0 1.0
82600 922 1.7999987602233887 0.18703630477292293 2.334751894019704e-07 0.0 1.0
82700 922 1.7999987602233887 0.18703630477292293 2.334751894019704e-07 0.0 1.0
82800 922 1.7999987602233887 0.18703630477292293 2.334751894019704e-07 0.0 1.0
82900 922 1.7999987602233887 0.18703630477292293 2.334751894019704e-07 0.0 1.0
83000 922 1.7999987602233887 0.18703630477292293 2.334751894019704e-07 0.0 1.0
83100 922 1.7999987602233887 0.18703630477292293 2.334751894019704e-07 0.0 1.0
83200 922 1.7999987602233887 0.18713692373380456 2.786807256918711e-07 0.0 1.0
83300 922 1.7999987602233887 0.1875181709467772 2.786807256918711e-07 0.0 1.0
83400 922 1.7999987602233887 0.1875181709467772 2.786807256918711e-07 0.0 1.0
83500 922 1.7999987602233887 0.18751817081724845 2.786807256918711e-07 0.0 1.0
83600 922 1.7999987602233887 0.18751817081724845 2.786807256918711e-07 0.0 1.0
83700 922 1.7999987602233887 0.18751817081724845 2.786807256918711e-07 0.0 1.0
83800 922 1.7999987602233887 0.18730125142664658 2.334751894019704e-07 0.0 1.0
83900 923 1.7999987602233887 0.18709832482705108 1.9810226703097282e-07 0.0 1.0
84000 924 1.7999987602233887 0.18689583746251964 1.417092664155489e-07 0.0 1.0
84100 924 1.7999987602233887 0.18689583746251964 1.417092664155489e-07 0.0 1.0
84200 924 1.7999987602233887 0.18689583746251964 1.417092664155489e-07 0.0 1.0
84300 925 1.7999987602233887 0.1866937879085061 8.531626580012501e-08 0.0 1.0
84400 927 1.7999987602233887 0.18679501585832348 1.9810226703097282e-07 0.0 1.0
84500 927 1.7999987602233887 0.18679501585832348 1.9810226703097282e-07 0.0 1.0
84600 927 1.7999987602233887 0.18679501585832348 1.9810226703097282e-07 0.0 1.0
84700 927 1.7999987602233887 0.18679501585832348 1.9810226703097282e-07 0.0 1.0
84800 927 1.7999987602233887 0.18679501585832348 1.9810226703097282e-07 0.0 1.0
84900 927 1.7999987602233887 0.18679501585832348 1.9810226703097282e-07 0.0 1.0
85000 927 1.7999987602233887 0.1869112547818652 1.9810226703097282e-07 0.0 1.0
85100 927 1.7999987602233887 0.1869112547818652 1.9810226703097282e-07 0.0 1.0
85200 927 1.7999987602233887 0.1877639409164793 2.6884811177296797e-07 0.0 1.0
85300 927 1.7999987602233887 0.1877639409164793 2.6884811177296797e-07 0.0 1.0
85400 928 1.7999987602233887 0.18756160908359537 2.334751894019704e-07 0.0 1.0
85500 929 1.7999987602233887 0.18822085385315018 2.6884811177296797e-07 0.0 1.0
85600 929 1.7999987602233887 0.1882208543327133 2.8851333961077425e-07 0.0 1.0
85700 930 1.7999987602233887 0.18801846631730176 2.786807256918711e-07 0.0 1.0
85800 930 1.7999987602233887 0.18801846631730176 2.786807256918711e-07 0.0 1.0
85900 930 1.7999987602233887 0.18801846631730176 2.786807256918711e-07 0.0 1.0
86000 930 1.7999987602233887 0.18801846631730176 2.786807256918711e-07 0.0 1.0
86100 930 1.7999987602233887 0.18801846631730176 2.786807256918711e-07 0.0 1.0
86200 931 1.7999987602233887 0.1878310382103676 3.12494421451702e-07 0.0 1.0
86300 931 1.7999987602233887 0.1878310382103676 3.12494421451702e-07 0.0 1.0
86400 931 1.7999987602233887 0.1878310382103676 3.12494421451702e-07 0.0 1.0
86500 932 1.7999987602233887 0.18848940197098463 3.005038805312381e-07 0.0 1.0
86600 932 1.7999987602233887 0.1885428374454909 3.005038805312381e-07 0.0 1.0
86700 932 1.7999987602233887 0.1890065002430606 3.4001522638518637e-07 0.0 1.0
86800 932 1.7999987602233887 0.1890065002430606 3.4001522638518637e-07 0.0 1.0
86900 933 1.7999987602233887 0.1889107001760195 3.6753603131867076e-07 0.0 1.0
87000 933 1.7999987602233887 0.1899825117416517 3.6753603131867076e-07 0.0 1.0
87100 933 1.7999987602233887 0.1899825117416517 3.6753603131867076e-07 0.0 1.0
87200 933 1.7999987602233887 0.1908330165687951 3.6753603131867076e-07 0.0 1.0
87300 933 1.7999987602233887 0.1908330165687951 3.6753603131867076e-07 0.0 1.0
87400 933 1.7999987602233887 0.1908330165687951 3.6753603131867076e-07 0.0 1.0
87500 933 1.7999987602233887 0.1908330165687951 3.6753603131867076e-07 0.0 1.0
87600 934 1.7999987602233887 0.19062869856390346 3.4001522638518637e-07 0.0 1.0
87700 934 1.7999987602233887 0.19083231458451638 4.065250770093968e-07 0.0 1.0
87800 934 1.7999987602233887 0.19083231458451638 4.065250770093968e-07 0.0 1.0
87900 934 1.7999987602233887 0.19000918847991222 3.4001522638518637e-07 0.0 1.0
88000 935 1.7999987602233887 0.19034072945480002 3.6753603131867076e-07 0.0 1.0
88100 935 1.7999987602233887 0.19034072945480002 3.6753603131867076e-07 0.0 1.0
88200 935 1.7999987602233887 0.19034072945480002 3.6753603131867076e-07 0.0 1.0
88300 936 1.7999987602233887 0.19013737397461325 3.4001522638518637e-07 0.0 1.0
88400 936 1.7999987602233887 0.19013737397461325 3.4001522638518637e-07 0.0 1.0
88500 936 1.7999987602233887 0.19024959969044136 3.4001522638518637e-07 0.0 1.0
88600 936 1.7999987602233887 0.19024959969044136 3.4001522638518637e-07 0.0 1.0
88700 936 1.7999987602233887 0.19024959969044136 3.4001522638518637e-07 0.0 1.0
88800 937 1.7999987602233887 0.19004655849546756 3.12494421451702e-07 0.0 1.0
88900 937 1.7999987602233887 0.19004655849546756 3.12494421451702e-07 0.0 1.0
89000 938 1.7999987602233887 0.1901657144030543 3.4001522638518637e-07 0.0 1.0
89100 938 1.7999987602233887 0.1901657144030543 3.4001522638518637e-07 0.0 1.0
89200 938 1.7999987602233887 0.1901657144030543 3.4001522638518637e-07 0.0 1.0
89300 938 1.7999987602233887 0.1901657144030543 3.4001522638518637e-07 0.0 1.0
89400 938 1.7999987602233887 0.1901657144030543 3.4001522638518637e-07 0.0 1.0
89500 938 1.7999987602233887 0.19016571440243749 3.4001522638518637e-07 0.0 1.0
89600 938 1.7999987602233887 0.19016571440243749 3.4001522638518637e-07 0.0 1.0
89700 938 1.7999987602233887 0.19016571440243749 3.4001522638518637e-07 0.0 1.0
89800 938 1.7999987602233887 0.19016571440243749 3.4001522638518637e-07 0.0 1.0
89900 939 1.7999987602233887 0.19038071745260304 3.12494421451702e-07 0.0 1.0
90000 939 1.7999987602233887 0.19069957628574666 3.12494421451702e-07 0.0 1.0
90100 939 1.7999987602233887 0.19229702037520352 3.6753603131867076e-07 0.0 1.0
90200 939 1.7999987602233887 0.19229702037520352 3.6753603131867076e-07 0.0 1.0
90300 939 1.7999987602233887 0.1919387593825633 3.12494421451702e-07 0.0 1.0
90400 939 1.7999987602233887 0.1919387593825633 3.12494421451702e-07 0.0 1.0
90500 939 1.7999987602233887 0.19236655133806224 3.12494421451702e-07 0.0 1.0
90600 939 1.7999987602233887 0.19236655133806224 3.12494421451702e-07 0.0 1.0
90700 939 1.7999987602233887 0.19266880306485934 3.6753603131867076e-07 0.0 1.0
90800 939 1.7999987602233887 0.19245581060846584 3.12494421451702e-07 0.0 1.0
90900 939 1.7999987602233887 0.19245581060846584 3.12494421451702e-07 0.0 1.0
91000 939 1.7999987602233887 0.19256229929035462 2.8851333961077425e-07 0.0 1.0
91100 940 1.7999987602233887 0.19225137386190255 1.7708218878654647e-07 0.0 1.0
91200 940 1.7999987602233887 0.19225137386190255 1.7708218878654647e-07 0.0 1.0
91300 940 1.7999987602233887 0.19225137386190255 1.7708218878654647e-07 0.0 1.0
91400 942 1.7999987602233887 0.19184319684733375 7.704107987850208e-08 0.0 1.0
91500 942 1.7999987602233887 0.19184319684733375 7.704107987850208e-08 0.0 1.0
91600 942 1.7999987602233887 0.19184319684733375 7.704107987850208e-08 0.0 1.0
91700 942 1.7999987602233887 0.19184319684733375 7.704107987850208e-08 0.0 1.0
91800 942 1.7999987602233887 0.19152559238401565 5.403262340193503e-08 0.0 1.0
91900 942 1.7999987602233887 0.19152559238401565 5.403262340193503e-08 0.0 1.0
92000 942 1.7999987602233887 0.19152559238401565 5.403262340193503e-08 0.0 1.0
92100 943 1.7999987602233887 0.19153457834490661 3.9299352846990906e-08 0.0 1.0
92200 944 1.7999987602233887 0.19133168154581243 3.8717064023389514e-08 0.0 1.0
92300 944 1.7999987602233887 0.1922851320669825 3.8717064023389514e-08 0.0 1.0
92400 945 1.7999987602233887 0.19313985568485686 3.9299352846990906e-08 0.0 1.0
92500 945 1.7999987602233887 0.19324567579067697 3.9299352846990906e-08 0.0 1.0
92600 945 1.7999987602233887 0.19380264036407843 6.876589395687915e-08 0.0 1.0
92700 945 1.7999987602233887 0.19380264036407843 6.876589395687915e-08 0.0 1.0
92800 945 1.7999987602233887 0.19380264036407843 6.876589395687915e-08 0.0 1.0
92900 945 1.7999987602233887 0.19380264036407843 6.876589395687915e-08 0.0 1.0
93000 945 1.7999987602233887 0.19380264036407843 6.876589395687915e-08 0.0 1.0
93100 945 1.7999987602233887 0.19380264036407843 6.876589395687915e-08 0.0 1.0
93200 945 1.7999987602233887 0.19380264036407843 6.876589395687915e-08 0.0 1.0
93300 945 1.7999987602233887 0.19433174089317898 6.876589395687915e-08 0.0 1.0
93400 945 1.7999987602233887 0.19433174089317992 6.876589395687915e-08 0.0 1.0
93500 945 1.7999987602233887 0.19433103720993894 3.9299352846990906e-08 0.0 1.0
93600 945 1.7999987602233887 0.19433103720993894 3.9299352846990906e-08 0.0 1.0
93700 945 1.7999987602233887 0.19433103720993894 3.9299352846990906e-08 0.0 1.0
93800 945 1.7999987602233887 0.19454268157951868 6.876589395687915e-08 0.0 1.0
93900 945 1.7999987602233887 0.19454268157951868 6.876589395687915e-08 0.0 1.0
94000 947 1.7999987602233887 0.19413182058357462 3.9299352846990906e-08 0.0 1.0
94100 947 1.7999987602233887 0.19413182058357462 3.9299352846990906e-08 0.0 1.0
94200 947 1.7999987602233887 0.19413241612649842 3.9299352846990906e-08 0.0 1.0
94300 947 1.7999987602233887 0.19457200103126218 8.531626580012501e-08 0.0 1.0
94400 947 1.7999987602233887 0.19499438751489462 8.531626580012501e-08 0.0 1.0
94500 947 1.7999987602233887 0.19499438751489462 8.531626580012501e-08 0.0 1.0
94600 947 1.7999987602233887 0.19499438751489462 8.531626580012501e-08 0.0 1.0
94700 947 1.7999987602233887 0.1952055807315347 2.6884811177296797e-07 0.0 1.0
94800 947 1.7999987602233887 0.19597675571666076 2.8851333961077425e-07 0.0 1.0
94900 947 1.7999987602233887 0.19597675571666076 2.8851333961077425e-07 0.0 1.0
95000 947 1.7999987602233887 0.19597675571666076 2.8851333961077425e-07 0.0 1.0
95100 947 1.7999987602233887 0.19597675571666076 2.8851333961077425e-07 0.0 1.0
95200 947 1.7999987602233887 0.19597675571666076 2.8851333961077425e-07 0.0 1.0
95300 947 1.7999987602233887 0.1961687878751255 3.12494421451702e-07 0.0 1.0
95400 947 1.7999987602233887 0.1961687878751255 3.12494421451702e-07 0.0 1.0
95500 948 1.7999987602233887 0.19596185877399142 3.005038805312381e-07 0.0 1.0
95600 950 1.7999987602233887 0.19554930749254348 2.786807256918711e-07 0.0 1.0
95700 950 1.7999987602233887 0.1966019079920747 2.786807256918711e-07 0.0 1.0
95800 950 1.7999987602233887 0.19748912894883633 3.005038805312381e-07 0.0 1.0
95900 950 1.7999987602233887 0.19854176052778372 3.4001522638518637e-07 0.0 1.0
96000 950 1.7999987602233887 0.19854176052778372 3.4001522638518637e-07 0.0 1.0
96100 951 1.7999987602233887 0.19833298902522348 3.12494421451702e-07 0.0 1.0
96200 951 1.7999987602233887 0.19833298902522348 3.12494421451702e-07 0.0 1.0
96300 951 1.7999987602233887 0.19938450970381325 3.12494421451702e-07 0.0 1.0
96400 951 1.7999987602233887 0.19941941337810998 3.6753603131867076e-07 0.0 1.0
96500 952 1.7999987602233887 0.1996300986815392 4.139305429187164e-07 0.0 1.0
96600 952 1.7999987602233887 0.20015522650187795 4.139305429187164e-07 0.0 1.0
96700 952 1.7999987602233887 0.20015522650187795 4.139305429187164e-07 0.0 1.0
96800 952 1.7999987602233887 0.2001555262019843 4.655422571886447e-07 0.0 1.0
96900 952 1.7999987602233887 0.2001555262019843 4.655422571886447e-07 0.0 1.0
97000 953 1.7999987602233887 0.20014781452448024 4.707594598585274e-07 0.0 1.0
97100 955 1.7999987602233887 0.20014727087287815 5.075854915048694e-07 0.0 1.0
97200 956 1.7999987602233887 0.19993791180292744 4.891724756816984e-07 0.0 1.0
97300 956 1.7999987602233887 0.19993791180292744 4.891724756816984e-07 0.0 1.0
97400 956 1.7999987602233887 0.19993791180292744 4.891724756816984e-07 0.0 1.0
97500 956 1.7999987602233887 0.19994879964029996 4.891724756816984e-07 0.0 1.0
97600 956 1.7999987602233887 0.19994879964029996 4.891724756816984e-07 0.0 1.0
97700 956 1.7999987602233887 0.19984821650776868 4.655422571886447e-07 0.0 1.0
97800 956 1.7999987602233887 0.19984821650776868 4.655422571886447e-07 0.0 1.0
97900 956 1.7999987602233887 0.19995281901822895 4.655422571886447e-07 0.0 1.0
3e-10 0.0 1.0
97300 1152 1.4999999046325685 0.19182667486103475 3.0359891494265663e-10 0.0 1.0
97400 1153 1.4999999046325685 0.1916603030701752 2.548988108267607e-10 0.0 1.0
97500 1153 1.4999999046325685 0.1916603030701752 2.548988108267607e-10 0.0 1.0
97600 1154 1.4999999046325685 0.19149437173682532 3.0359891494265663e-10 0.0 1.0
97700 1154 1.4999999046325685 0.19149437173682532 3.0359891494265663e-10 0.0 1.0
97800 1154 1.4999999046325685 0.19149437173682532 3.0359891494265663e-10 0.0 1.0
97900 1154 1.4999999046325685 0.19149437173682532 3.0359891494265663e-10 0.0 1.0
2155769289936588 1.040940918853252e-06 0.0 1.0
97600 1133 1.7000000000000002 0.21519638719634301 7.66427988191143e-07 0.0 1.0
97700 1133 1.7000000000000002 0.21519638791336695 8.123881229948893e-07 0.0 1.0
97800 1134 1.7000000000000002 0.21506027392046423 9.266645209240706e-07 0.0 1.0
97900 1134 1.7000000000000002 0.21506027392046423 9.266645209240706e-07 0.0 1.0
98000 1134 1.7000000000000002 0.21506027392046423 9.266645209240706e-07 0.0 1.0
98100 1135 1.7000000000000002 0.21438980836936125 7.66427988191143e-07 0.0 1.0
98200 1135 1.7000000000000002 0.2150717117106294 8.123881229948893e-07 0.0 1.0
98300 1135 1.7000000000000002 0.2150717117106294 8.123881229948893e-07 0.0 1.0
51 1.9950314998626708 0.19169904133465124 1.4592078457010573e-08 0.0 1.0
97100 1052 1.9950314998626708 0.19151681791132932 1.351258502514052e-08 0.0 1.0
97200 1052 1.9950314998626708 0.19079059000126755 5.749342157912452e-09 0.0 1.0
97300 1052 1.9950314998626708 0.1903979239361361 3.596571098701188e-09 0.0 1.0
97400 1052 1.9950314998626708 0.190397923936136 3.596571098701188e-09 0.0 1.0
97500 1052 1.9950314998626708 0.19030286690191547 2.5757548449516868e-09 0.0 1.0
97600 1052 1.9950314998626708 0.19030286690191547 2.5757548449516868e-09 0.0 1.0
97700 1052 1.9950314998626708 0.19030286690191547 2.5757548449516868e-09 0.0 1.0
94100 1177 1.8999998569488525 0.1751482082245599 7.955429446676646e-10 0.0 1.0
94200 1177 1.8999998569488525 0.17523645908014757 7.955429446676646e-10 0.0 1.0
94300 1177 1.8999998569488525 0.1751514781116758 4.93514448309164e-10 0.0 1.0
94400 1177 1.8999998569488525 0.1751514781116758 4.93514448309164e-10 0.0 1.0
94500 1178 1.8999998569488525 0.17500320960821017 5.853577100627403e-10 0.0 1.0
94600 1178 1.8999998569488525 0.17432409246050218 4.732726948887184e-10 0.0 1.0
94700 1178 1.8999998569488525 0.17432409246050218 4.732726948887184e-10 0.0 1.0
94800 1178 1.8999998569488525 0.17466365054068544 4.732726948887184e-10 0.0 1.0
94900 1178 1.8999998569488525 0.17474851357963092 4.928084035856879e-10 0.0 1.0
95000 1178 1.8999998569488525 0.17390431228741834 4.928084035856879e-10 0.0 1.0
95100 1178 1.8999998569488525 0.17390431228741834 4.928084035856879e-10 0.0 1.0
95200 1178 1.8999998569488525 0.17390431228741834 4.928084035856879e-10 0.0 1.0
95300 1178 1.8999998569488525 0.17390431228741834 4.928084035856879e-10 0.0 1.0
95400 1178 1.8999998569488525 0.17390431228741834 4.928084035856879e-10 0.0 1.0
95500 1178 1.8999998569488525 0.17390431228741834 4.928084035856879e-10 0.0 1.0
95600 1178 1.8999998569488525 0.17390431228741834 4.928084035856879e-10 0.0 1.0
95700 1178 1.8999998569488525 0.17390431228741834 4.928084035856879e-10 0.0 1.0
95800 1178 1.8999998569488525 0.17390431228741834 4.928084035856879e-10 0.0 1.0
95900 1178 1.8999998569488525 0.17390431228741834 4.928084035856879e-10 0.0 1.0
96000 1179 1.8999998569488525 0.17433637365232504 4.93514448309164e-10 0.0 1.0
96100 1181 1.8999998569488525 0.17404074947276132 4.92102358862212e-10 0.0 1.0
96200 1181 1.8999998569488525 0.17404075002371933 4.93514448309164e-10 0.0 1.0
96300 1181 1.8999998569488525 0.17404075002371933 4.93514448309164e-10 0.0 1.0
96400 1181 1.8999998569488525 0.17395607608116911 4.93514448309164e-10 0.0 1.0
96500 1181 1.8999998569488525 0.17437944610657133 6.772009718163167e-10 0.0 1.0
96600 1181 1.8999998569488525 0.17471657717586472 8.067781109843964e-10 0.0 1.0
96700 1181 1.8999998569488525 0.17471657717586472 8.067781109843964e-10 0.0 1.0
96800 1181 1.8999998569488525 0.1749056588152442 8.067781109843964e-10 0.0 1.0
96900 1182 1.8999998569488525 0.17475768448460524 8.011605278260304e-10 0.0 1.0
97000 1183 1.8999998569488525 0.17469411601363247 8.067781109843964e-10 0.0 1.0
97100 1184 1.8999998569488525 0.17461179321406956 9.67099872697505e-10 0.0 1.0
97200 1185 1.8999998569488525 0.17469966760895808 1.1274216344106137e-09 0.0 1.0
97300 1185 1.8999998569488525 0.17469966773973283 1.1274216344106137e-09 0.0 1.0
97400 1185 1.8999998569488525 0.17494508809343515 8.067781109843964e-10 0.0 1.0
97500 1185 1.8999998569488525 0.17528019723086205 8.067781109843964e-10 0.0 1.0
97600 1185 1.8999998569488525 0.17528019723086205 8.067781109843964e-10 0.0 1.0
97700 1185 1.8999998569488525 0.17528019723086205 8.067781109843964e-10 0.0 1.0
97800 1185 1.8999998569488525 0.17528019723086205 8.067781109843964e-10 0.0 1.0
97900 1185 1.8999998569488525 0.17528019723086205 8.067781109843964e-10 0.0 1.0
